3.3981,1.1988,0.0000,0.0000,0.0000,-0.0010,1.0000,
3.4048,1.1988,0.0000,0.0000,0.0000,-0.0010,1.0000,
3.4115,1.1988,0.0000,0.0000,0.0000,-0.0010,1.0000,
3.4182,1.1988,0.0000,0.0000,0.0000,-0.0010,1.0000,
3.4249,1.1987,0.0000,0.0000,0.0000,-0.0010,1.0000,
3.4316,1.1987,0.0000,0.0000,0.0000,-0.0010,1.0000,
3.4383,1.1987,0.0000,0.0000,0.0000,-0.0010,1.0000,
3.4450,1.1987,0.0000,0.0000,0.0000,-0.0010,1.0000,
3.4517,1.1987,0.0000,0.0000,0.0000,-0.0010,1.0000,
3.4583,1.1987,0.0000,0.0000,0.0000,-0.0010,1.0000,
3.4650,1.1987,0.0000,0.0000,0.0000,-0.0010,1.0000,
3.4717,1.1986,0.0000,0.0000,0.0000,-0.0010,1.0000,
3.4784,1.1986,0.0000,0.0000,0.0000,-0.0010,1.0000,
3.4851,1.1986,0.0000,0.0000,0.0000,-0.0010,1.0000,
3.4918,1.1986,0.0000,0.0000,0.0000,-0.0010,1.0000,
3.4985,1.1986,0.0000,0.0000,0.0000,-0.0010,1.0000,
3.5052,1.1986,0.0000,0.0000,0.0000,-0.0010,1.0000,
3.5119,1.1986,0.0000,0.0000,0.0000,-0.0010,1.0000,
3.5186,1.1986,0.0000,0.0000,0.0000,-0.0010,1.0000,
3.5253,1.1985,0.0000,0.0000,0.0000,-0.0010,1.0000,
3.5320,1.1985,0.0000,0.0000,0.0000,-0.0010,1.0000,
3.5387,1.1985,0.0000,0.0000,0.0000,-0.0010,1.0000,
3.5454,1.1985,0.0000,0.0000,0.0000,-0.0010,1.0000,
3.5521,1.1985,0.0000,0.0000,0.0000,-0.0010,1.0000,
3.5587,1.1985,0.0000,0.0000,0.0000,-0.0010,1.0000,
3.5654,1.1985,0.0000,0.0000,0.0000,-0.0010,1.0000,
3.5721,1.1984,0.0000,0.0000,0.0000,-0.0010,1.0000,
3.5788,1.1984,0.0000,0.0000,0.0000,-0.0010,1.0000,
3.5855,1.1984,0.0000,0.0000,0.0000,-0.0010,1.0000,
3.5922,1.1984,0.0000,0.0000,0.0000,-0.0010,1.0000,
3.5989,1.1984,0.0000,0.0000,0.0000,-0.0010,1.0000,
3.6056,1.1984,0.0000,0.0000,0.0000,-0.0010,1.0000,
3.6123,1.1984,0.0000,0.0000,0.0000,-0.0010,1.0000,
3.6190,1.1983,0.0000,0.0000,0.0000,-0.0010,1.0000,
3.6257,1.1983,0.0000,0.0000,0.0000,-0.0010,1.0000,
3.6324,1.1983,0.0000,0.0000,0.0000,-0.0010,1.0000,
3.6391,1.1983,0.0000,0.0000,0.0000,-0.0010,1.0000,
3.6458,1.1983,0.0000,0.0000,0.0000,-0.0010,1.0000,
3.6524,1.1983,0.0000,0.0000,0.0000,-0.0010,1.0000,
3.6591,1.1983,0.0000,0.0000,0.0000,-0.0010,1.0000,
3.6658,1.1983,0.0000,0.0000,0.0000,-0.0010,1.0000,
3.6725,1.1982,0.0000,0.0000,0.0000,-0.0010,1.0000,
3.6792,1.1982,0.0000,0.0000,0.0000,-0.0010,1.0000,
3.6859,1.1982,0.0000,0.0000,0.0000,-0.0010,1.0000,
3.6926,1.1982,0.0000,0.0000,0.0000,-0.0010,1.0000,
3.6993,1.1982,0.0000,0.0000,0.0000,-0.0010,1.0000,
3.7060,1.1982,0.0000,0.0000,0.0000,-0.0010,1.0000,
3.7127,1.1982,0.0000,0.0000,0.0000,-0.0010,1.0000,
3.7194,1.1981,0.0000,0.0000,0.0000,-0.0010,1.0000,
3.7261,1.1981,0.0000,0.0000,0.0000,-0.0010,1.0000,
3.7328,1.1981,0.0000,0.0000,0.0000,-0.0010,1.0000,
3.7395,1.1981,0.0000,0.0000,0.0000,-0.0010,1.0000,
3.7462,1.1981,0.0000,0.0000,0.0000,-0.0010,1.0000,
3.7528,1.1981,0.0000,0.0000,0.0000,-0.0010,1.0000,
3.7595,1.1981,0.0000,0.0000,0.0000,-0.0010,1.0000,
3.7662,1.1980,0.0000,0.0000,0.0000,-0.0010,1.0000,
3.7729,1.1980,0.0000,0.0000,0.0000,-0.0010,1.0000,
3.7796,1.1980,0.0000,0.0000,0.0000,-0.0010,1.0000,
3.7863,1.1980,0.0000,0.0000,0.0000,-0.0010,1.0000,
3.7930,1.1980,0.0000,0.0000,0.0000,-0.0010,1.0000,
3.7997,1.1980,0.0000,0.0000,0.0000,-0.0010,1.0000,
3.8064,1.1980,0.0000,0.0000,0.0000,-0.0010,1.0000,
3.8131,1.1980,0.0000,0.0000,0.0000,-0.0010,1.0000,
3.8198,1.1979,0.0000,0.0000,0.0000,-0.0010,1.0000,
3.8265,1.1979,0.0000,0.0000,0.0000,-0.0010,1.0000,
3.8332,1.1979,0.0000,0.0000,0.0000,-0.0010,1.0000,
3.8399,1.1979,0.0000,0.0000,0.0000,-0.0010,1.0000,
3.8465,1.1979,0.0000,0.0000,0.0000,-0.0010,1.0000,
3.8532,1.1979,0.0000,0.0000,0.0000,-0.0010,1.0000,
3.8599,1.1979,0.0000,0.0000,0.0000,-0.0010,1.0000,
3.8666,1.1978,0.0000,0.0000,0.0000,-0.0010,1.0000,
3.8733,1.1978,0.0000,0.0000,0.0000,-0.0010,1.0000,
3.8800,1.1978,0.0000,0.0000,0.0000,-0.0010,1.0000,
3.8867,1.1978,0.0000,0.0000,0.0000,-0.0010,1.0000,
3.8934,1.1978,0.0000,0.0000,0.0000,-0.0010,1.0000,
3.9001,1.1978,0.0000,0.0000,0.0000,-0.0010,1.0000,
3.9068,1.1978,0.0000,0.0000,0.0000,-0.0010,1.0000,
3.9135,1.1977,0.0000,0.0000,0.0000,-0.0010,1.0000,
3.9202,1.1977,0.0000,0.0000,0.0000,-0.0010,1.0000,
3.9269,1.1977,0.0000,0.0000,0.0000,-0.0010,1.0000,
3.9336,1.1977,0.0000,0.0000,0.0000,-0.0010,1.0000,
3.9403,1.1977,0.0000,0.0000,0.0000,-0.0010,1.0000,
3.9469,1.1977,0.0000,0.0000,0.0000,-0.0010,1.0000,
3.9536,1.1977,0.0000,0.0000,0.0000,-0.0010,1.0000,
3.9603,1.1977,0.0000,0.0000,0.0000,-0.0010,1.0000,
3.9670,1.1976,0.0000,0.0000,0.0000,-0.0010,1.0000,
3.9737,1.1976,0.0000,0.0000,0.0000,-0.0010,1.0000,
3.9804,1.1976,0.0000,0.0000,0.0000,-0.0010,1.0000,
3.9871,1.1976,0.0000,0.0000,0.0000,-0.0010,1.0000,
3.9938,1.1976,0.0000,0.0000,0.0000,-0.0010,1.0000,
4.0005,1.1976,0.0000,0.0000,0.0000,-0.0010,1.0000,
4.0072,1.1976,0.0000,0.0000,0.0000,-0.0010,1.0000,
4.0139,1.1975,0.0000,0.0000,0.0000,-0.0010,1.0000,
4.0206,1.1975,0.0000,0.0000,0.0000,-0.0010,1.0000,
4.0273,1.1975,0.0000,0.0000,0.0000,-0.0010,1.0000,
4.0340,1.1975,0.0000,0.0000,0.0000,-0.0010,1.0000,
4.0406,1.1975,0.0000,0.0000,0.0000,-0.0010,1.0000,
4.0473,1.1975,0.0000,0.0000,0.0000,-0.0010,1.0000,
4.0540,1.1975,0.0000,0.0000,0.0000,-0.0010,1.0000,
4.0607,1.1975,0.0000,0.0000,0.0000,-0.0010,1.0000,
4.0674,1.1974,0.0000,0.0000,0.0000,-0.0010,1.0000,
4.0741,1.1974,0.0000,0.0000,0.0000,-0.0010,1.0000,
4.0808,1.1974,0.0000,0.0000,0.0000,-0.0010,1.0000,
4.0875,1.1974,0.0000,0.0000,0.0000,-0.0010,1.0000,
4.0942,1.1974,0.0000,0.0000,0.0000,-0.0010,1.0000,
4.1009,1.1974,0.0000,0.0000,0.0000,-0.0010,1.0000,
4.1076,1.1974,0.0000,0.0000,0.0000,-0.0010,1.0000,
4.1143,1.1973,0.0000,0.0000,0.0000,-0.0010,1.0000,
4.1210,1.1973,0.0000,0.0000,0.0000,-0.0010,1.0000,
4.1277,1.1973,0.0000,0.0000,0.0000,-0.0010,1.0000,
4.1344,1.1973,0.0000,0.0000,0.0000,-0.0010,1.0000,
4.1410,1.1973,0.0000,0.0000,0.0000,-0.0010,1.0000,
4.1477,1.1973,0.0000,0.0000,0.0000,-0.0010,1.0000,
4.1544,1.1973,0.0000,0.0000,0.0000,-0.0010,1.0000,
4.1611,1.1972,0.0000,0.0000,0.0000,-0.0010,1.0000,
4.1678,1.1972,0.0000,0.0000,0.0000,-0.0010,1.0000,
4.1745,1.1972,0.0000,0.0000,0.0000,-0.0010,1.0000,
4.1812,1.1972,0.0000,0.0000,0.0000,-0.0010,1.0000,
4.1879,1.1972,0.0000,0.0000,0.0000,-0.0010,1.0000,
4.1946,1.1972,0.0000,0.0000,0.0000,-0.0010,1.0000,
4.2013,1.1972,0.0000,0.0000,0.0000,-0.0010,1.0000,
4.2080,1.1972,0.0000,0.0000,0.0000,-0.0010,1.0000,
4.2147,1.1971,0.0000,0.0000,0.0000,-0.0010,1.0000,
4.2214,1.1971,0.0000,0.0000,0.0000,-0.0010,1.0000,
4.2281,1.1971,0.0000,0.0000,0.0000,-0.0010,1.0000,
4.2347,1.1971,0.0000,0.0000,0.0000,-0.0010,1.0000,
4.2414,1.1971,0.0000,0.0000,0.0000,-0.0010,1.0000,
4.2481,1.1971,0.0000,0.0000,0.0000,-0.0010,1.0000,
4.2548,1.1971,0.0000,0.0000,0.0000,-0.0010,1.0000,
4.2615,1.1970,0.0000,0.0000,0.0000,-0.0010,1.0000,
4.2749,1.1970,0.0000,0.0000,0.0000,0.0465,0.9989,
4.2816,1.1976,0.0000,0.0000,0.0000,0.0465,0.9989,
4.2883,1.1983,0.0000,0.0000,0.0000,0.0465,0.9989,
4.2950,1.1989,0.0000,0.0000,0.0000,0.0465,0.9989,
4.3017,1.1995,0.0000,0.0000,0.0000,0.0465,0.9989,
4.3083,1.2001,0.0000,0.0000,0.0000,0.0465,0.9989,
4.3150,1.2008,0.0000,0.0000,0.0000,0.0465,0.9989,
4.3217,1.2014,0.0000,0.0000,0.0000,0.0465,0.9989,
4.3284,1.2020,0.0000,0.0000,0.0000,0.0465,0.9989,
4.3351,1.2026,0.0000,0.0000,0.0000,0.0465,0.9989,
4.3418,1.2033,0.0000,0.0000,0.0000,0.0465,0.9989,
4.3485,1.2039,0.0000,0.0000,0.0000,0.0465,0.9989,
4.3552,1.2045,0.0000,0.0000,0.0000,0.0465,0.9989,
4.3618,1.2051,0.0000,0.0000,0.0000,0.0465,0.9989,
4.3752,1.2064,0.0000,0.0000,0.0000,0.1396,0.9902,
4.3820,1.2083,0.0000,0.0000,0.0000,0.1396,0.9902,
4.3888,1.2103,0.0000,0.0000,0.0000,0.1396,0.9902,
4.3956,1.2122,0.0000,0.0000,0.0000,0.1396,0.9902,
4.4024,1.2142,0.0000,0.0000,0.0000,0.1396,0.9902,
4.4091,1.2161,0.0000,0.0000,0.0000,0.1396,0.9902,
4.4159,1.2181,0.0000,0.0000,0.0000,0.1396,0.9902,
4.4227,1.2201,0.0000,0.0000,0.0000,0.1396,0.9902,
4.4295,1.2220,0.0000,0.0000,0.0000,0.1396,0.9902,
4.4363,1.2240,0.0000,0.0000,0.0000,0.1396,0.9902,
4.4431,1.2259,0.0000,0.0000,0.0000,0.1396,0.9902,
4.4498,1.2279,0.0000,0.0000,0.0000,0.1396,0.9902,
4.4634,1.2318,0.0000,0.0000,0.0000,0.3008,0.9537,
4.4690,1.2357,0.0000,0.0000,0.0000,0.3008,0.9537,
4.4747,1.2396,0.0000,0.0000,0.0000,0.3008,0.9537,
4.4803,1.2436,0.0000,0.0000,0.0000,0.3008,0.9537,
4.4859,1.2475,0.0000,0.0000,0.0000,0.3008,0.9537,
4.4915,1.2515,0.0000,0.0000,0.0000,0.3008,0.9537,
4.4971,1.2554,0.0000,0.0000,0.0000,0.3008,0.9537,
4.5028,1.2593,0.0000,0.0000,0.0000,0.3008,0.9537,
4.5084,1.2633,0.0000,0.0000,0.0000,0.3008,0.9537,
4.5140,1.2672,0.0000,0.0000,0.0000,0.3008,0.9537,
4.5196,1.2712,0.0000,0.0000,0.0000,0.3008,0.9537,
4.5253,1.2751,0.0000,0.0000,0.0000,0.3008,0.9537,
4.5309,1.2790,0.0000,0.0000,0.0000,0.3008,0.9537,
4.5365,1.2830,0.0000,0.0000,0.0000,0.3008,0.9537,
4.5421,1.2869,0.0000,0.0000,0.0000,0.3008,0.9537,
4.5534,1.2948,0.0000,0.0000,0.0000,0.4584,0.8888,
4.5574,1.3004,0.0000,0.0000,0.0000,0.4584,0.8888,
4.5614,1.3060,0.0000,0.0000,0.0000,0.4584,0.8888,
4.5653,1.3116,0.0000,0.0000,0.0000,0.4584,0.8888,
4.5693,1.3172,0.0000,0.0000,0.0000,0.4584,0.8888,
4.5733,1.3228,0.0000,0.0000,0.0000,0.4584,0.8888,
4.5773,1.3284,0.0000,0.0000,0.0000,0.4584,0.8888,
4.5813,1.3340,0.0000,0.0000,0.0000,0.4584,0.8888,
4.5852,1.3396,0.0000,0.0000,0.0000,0.4584,0.8888,
4.5892,1.3451,0.0000,0.0000,0.0000,0.4584,0.8888,
4.5932,1.3507,0.0000,0.0000,0.0000,0.4584,0.8888,
4.5972,1.3563,0.0000,0.0000,0.0000,0.4584,0.8888,
4.6012,1.3619,0.0000,0.0000,0.0000,0.4584,0.8888,
4.6052,1.3675,0.0000,0.0000,0.0000,0.4584,0.8888,
4.6091,1.3731,0.0000,0.0000,0.0000,0.4584,0.8888,
4.6131,1.3787,0.0000,0.0000,0.0000,0.4584,0.8888,
4.6211,1.3899,0.0000,0.0000,0.0000,0.6229,0.7823,
4.6226,1.3966,0.0000,0.0000,0.0000,0.6229,0.7823,
4.6242,1.4032,0.0000,0.0000,0.0000,0.6229,0.7823,
4.6257,1.4099,0.0000,0.0000,0.0000,0.6229,0.7823,
4.6272,1.4166,0.0000,0.0000,0.0000,0.6229,0.7823,
4.6287,1.4232,0.0000,0.0000,0.0000,0.6229,0.7823,
4.6303,1.4299,0.0000,0.0000,0.0000,0.6229,0.7823,
4.6318,1.4366,0.0000,0.0000,0.0000,0.6229,0.7823,
4.6333,1.4432,0.0000,0.0000,0.0000,0.6229,0.7823,
4.6349,1.4499,0.0000,0.0000,0.0000,0.6229,0.7823,
4.6364,1.4565,0.0000,0.0000,0.0000,0.6229,0.7823,
4.6379,1.4632,0.0000,0.0000,0.0000,0.6229,0.7823,
4.6395,1.4699,0.0000,0.0000,0.0000,0.6229,0.7823,
4.6410,1.4765,0.0000,0.0000,0.0000,0.6229,0.7823,
4.6425,1.4832,0.0000,0.0000,0.0000,0.6229,0.7823,
4.6440,1.4899,0.0000,0.0000,0.0000,0.6229,0.7823,
4.6456,1.4965,0.0000,0.0000,0.0000,0.6229,0.7823,
4.6486,1.5098,0.0000,0.0000,0.0000,0.6729,0.7397,
4.6493,1.5168,0.0000,0.0000,0.0000,0.6729,0.7397,
4.6500,1.5237,0.0000,0.0000,0.0000,0.6729,0.7397,
4.6506,1.5306,0.0000,0.0000,0.0000,0.6729,0.7397,
4.6513,1.5375,0.0000,0.0000,0.0000,0.6729,0.7397,
4.6519,1.5444,0.0000,0.0000,0.0000,0.6729,0.7397,
4.6526,1.5513,0.0000,0.0000,0.0000,0.6729,0.7397,
4.6532,1.5582,0.0000,0.0000,0.0000,0.6729,0.7397,
4.6539,1.5651,0.0000,0.0000,0.0000,0.6729,0.7397,
4.6545,1.5721,0.0000,0.0000,0.0000,0.6729,0.7397,
4.6552,1.5790,0.0000,0.0000,0.0000,0.6729,0.7397,
4.6559,1.5859,0.0000,0.0000,0.0000,0.6729,0.7397,
4.6565,1.5928,0.0000,0.0000,0.0000,0.6729,0.7397,
4.6572,1.5997,0.0000,0.0000,0.0000,0.6729,0.7397,
4.6578,1.6066,0.0000,0.0000,0.0000,0.6729,0.7397,
4.6585,1.6135,0.0000,0.0000,0.0000,0.6729,0.7397,
4.6591,1.6205,0.0000,0.0000,0.0000,0.6729,0.7397,
4.6598,1.6274,0.0000,0.0000,0.0000,0.6729,0.7397,
4.6604,1.6343,0.0000,0.0000,0.0000,0.6729,0.7397,
4.6618,1.6481,0.0000,0.0000,0.0000,0.7051,0.7091,
4.6618,1.6548,0.0000,0.0000,0.0000,0.7051,0.7091,
4.6618,1.6615,0.0000,0.0000,0.0000,0.7051,0.7091,
4.6619,1.6682,0.0000,0.0000,0.0000,0.7051,0.7091,
4.6619,1.6748,0.0000,0.0000,0.0000,0.7051,0.7091,
4.6619,1.6815,0.0000,0.0000,0.0000,0.7051,0.7091,
4.6620,1.6882,0.0000,0.0000,0.0000,0.7051,0.7091,
4.6620,1.6949,0.0000,0.0000,0.0000,0.7051,0.7091,
4.6621,1.7016,0.0000,0.0000,0.0000,0.7051,0.7091,
4.6621,1.7082,0.0000,0.0000,0.0000,0.7051,0.7091,
4.6621,1.7149,0.0000,0.0000,0.0000,0.7051,0.7091,
4.6622,1.7216,0.0000,0.0000,0.0000,0.7051,0.7091,
4.6622,1.7283,0.0000,0.0000,0.0000,0.7051,0.7091,
4.6622,1.7350,0.0000,0.0000,0.0000,0.7051,0.7091,
4.6623,1.7417,0.0000,0.0000,0.0000,0.7051,0.7091,
4.6623,1.7483,0.0000,0.0000,0.0000,0.7051,0.7091,
4.6624,1.7550,0.0000,0.0000,0.0000,0.7051,0.7091,
4.6624,1.7617,0.0000,0.0000,0.0000,0.7051,0.7091,
4.6624,1.7684,0.0000,0.0000,0.0000,0.7051,0.7091,
4.6625,1.7751,0.0000,0.0000,0.0000,0.7051,0.7091,
4.6625,1.7818,0.0000,0.0000,0.0000,0.7051,0.7091,
4.6625,1.7884,0.0000,0.0000,0.0000,0.7051,0.7091,
4.6626,1.7951,0.0000,0.0000,0.0000,0.7051,0.7091,
4.6626,1.8018,0.0000,0.0000,0.0000,0.7051,0.7091,
4.6627,1.8085,0.0000,0.0000,0.0000,0.7051,0.7091,
4.6627,1.8152,0.0000,0.0000,0.0000,0.7051,0.7091,
4.6627,1.8219,0.0000,0.0000,0.0000,0.7051,0.7091,
4.6628,1.8285,0.0000,0.0000,0.0000,0.7051,0.7091,
4.6628,1.8352,0.0000,0.0000,0.0000,0.7051,0.7091,
4.6628,1.8419,0.0000,0.0000,0.0000,0.7051,0.7091,
4.6629,1.8486,0.0000,0.0000,0.0000,0.7051,0.7091,
4.6629,1.8553,0.0000,0.0000,0.0000,0.7051,0.7091,
4.6630,1.8620,0.0000,0.0000,0.0000,0.7051,0.7091,
4.6630,1.8686,0.0000,0.0000,0.0000,0.7051,0.7091,
4.6630,1.8753,0.0000,0.0000,0.0000,0.7051,0.7091,
4.6631,1.8820,0.0000,0.0000,0.0000,0.7051,0.7091,
4.6631,1.8887,0.0000,0.0000,0.0000,0.7051,0.7091,
4.6631,1.8954,0.0000,0.0000,0.0000,0.7051,0.7091,
4.6632,1.9020,0.0000,0.0000,0.0000,0.7051,0.7091,
4.6632,1.9087,0.0000,0.0000,0.0000,0.7051,0.7091,
4.6633,1.9154,0.0000,0.0000,0.0000,0.7051,0.7091,
4.6633,1.9221,0.0000,0.0000,0.0000,0.7051,0.7091,
4.6633,1.9288,0.0000,0.0000,0.0000,0.7051,0.7091,
4.6634,1.9355,0.0000,0.0000,0.0000,0.7051,0.7091,
4.6634,1.9421,0.0000,0.0000,0.0000,0.7051,0.7091,
4.6634,1.9488,0.0000,0.0000,0.0000,0.7051,0.7091,
4.6635,1.9555,0.0000,0.0000,0.0000,0.7051,0.7091,
4.6635,1.9622,0.0000,0.0000,0.0000,0.7051,0.7091,
4.6636,1.9689,0.0000,0.0000,0.0000,0.7051,0.7091,
4.6636,1.9756,0.0000,0.0000,0.0000,0.7051,0.7091,
4.6636,1.9822,0.0000,0.0000,0.0000,0.7051,0.7091,
4.6637,1.9889,0.0000,0.0000,0.0000,0.7051,0.7091,
4.6637,1.9956,0.0000,0.0000,0.0000,0.7051,0.7091,
4.6637,2.0023,0.0000,0.0000,0.0000,0.7051,0.7091,
4.6638,2.0090,0.0000,0.0000,0.0000,0.7051,0.7091,
4.6638,2.0157,0.0000,0.0000,0.0000,0.7051,0.7091,
4.6639,2.0223,0.0000,0.0000,0.0000,0.7051,0.7091,
4.6639,2.0290,0.0000,0.0000,0.0000,0.7051,0.7091,
4.6639,2.0357,0.0000,0.0000,0.0000,0.7051,0.7091,
4.6640,2.0424,0.0000,0.0000,0.0000,0.7051,0.7091,
4.6640,2.0491,0.0000,0.0000,0.0000,0.7051,0.7091,
4.6640,2.0558,0.0000,0.0000,0.0000,0.7051,0.7091,
4.6641,2.0624,0.0000,0.0000,0.0000,0.7051,0.7091,
4.6641,2.0691,0.0000,0.0000,0.0000,0.7051,0.7091,
4.6642,2.0758,0.0000,0.0000,0.0000,0.7051,0.7091,
4.6642,2.0825,0.0000,0.0000,0.0000,0.7051,0.7091,
4.6642,2.0892,0.0000,0.0000,0.0000,0.7051,0.7091,
4.6643,2.0959,0.0000,0.0000,0.0000,0.7051,0.7091,
4.6643,2.1025,0.0000,0.0000,0.0000,0.7051,0.7091,
4.6643,2.1092,0.0000,0.0000,0.0000,0.7051,0.7091,
4.6644,2.1159,0.0000,0.0000,0.0000,0.7051,0.7091,
4.6644,2.1226,0.0000,0.0000,0.0000,0.7051,0.7091,
4.6645,2.1293,0.0000,0.0000,0.0000,0.7051,0.7091,
4.6645,2.1359,0.0000,0.0000,0.0000,0.7051,0.7091,
4.6645,2.1426,0.0000,0.0000,0.0000,0.7051,0.7091,
4.6646,2.1493,0.0000,0.0000,0.0000,0.7051,0.7091,
4.6646,2.1560,0.0000,0.0000,0.0000,0.7051,0.7091,
4.6646,2.1627,0.0000,0.0000,0.0000,0.7051,0.7091,
4.6647,2.1694,0.0000,0.0000,0.0000,0.7051,0.7091,
4.6647,2.1760,0.0000,0.0000,0.0000,0.7051,0.7091,
4.6648,2.1827,0.0000,0.0000,0.0000,0.7051,0.7091,
4.6648,2.1894,0.0000,0.0000,0.0000,0.7051,0.7091,
4.6648,2.1961,0.0000,0.0000,0.0000,0.7051,0.7091,
4.6649,2.2028,0.0000,0.0000,0.0000,0.7051,0.7091,
4.6649,2.2095,0.0000,0.0000,0.0000,0.7051,0.7091,
4.6649,2.2161,0.0000,0.0000,0.0000,0.7051,0.7091,
4.6650,2.2228,0.0000,0.0000,0.0000,0.7051,0.7091,
4.6650,2.2295,0.0000,0.0000,0.0000,0.7051,0.7091,
4.6651,2.2362,0.0000,0.0000,0.0000,0.7051,0.7091,
4.6651,2.2429,0.0000,0.0000,0.0000,0.7051,0.7091,
4.6651,2.2496,0.0000,0.0000,0.0000,0.7051,0.7091,
4.6652,2.2562,0.0000,0.0000,0.0000,0.7051,0.7091,
4.6652,2.2629,0.0000,0.0000,0.0000,0.7051,0.7091,
4.6653,2.2696,0.0000,0.0000,0.0000,0.7051,0.7091,
4.6653,2.2763,0.0000,0.0000,0.0000,0.7051,0.7091,
4.6653,2.2830,0.0000,0.0000,0.0000,0.7051,0.7091,
4.6654,2.2897,0.0000,0.0000,0.0000,0.7051,0.7091,
4.6654,2.2963,0.0000,0.0000,0.0000,0.7051,0.7091,
4.6654,2.3030,0.0000,0.0000,0.0000,0.7051,0.7091,
4.6655,2.3097,0.0000,0.0000,0.0000,0.7051,0.7091,
4.6655,2.3164,0.0000,0.0000,0.0000,0.7051,0.7091,
4.6656,2.3231,0.0000,0.0000,0.0000,0.7051,0.7091,
4.6656,2.3297,0.0000,0.0000,0.0000,0.7051,0.7091,
4.6656,2.3364,0.0000,0.0000,0.0000,0.7051,0.7091,
4.6657,2.3431,0.0000,0.0000,0.0000,0.7051,0.7091,
4.6657,2.3498,0.0000,0.0000,0.0000,0.7051,0.7091,
4.6657,2.3565,0.0000,0.0000,0.0000,0.7051,0.7091,
4.6658,2.3632,0.0000,0.0000,0.0000,0.7051,0.7091,
4.6658,2.3698,0.0000,0.0000,0.0000,0.7051,0.7091,
4.6659,2.3765,0.0000,0.0000,0.0000,0.7051,0.7091,
4.6659,2.3832,0.0000,0.0000,0.0000,0.7051,0.7091,
4.6659,2.3899,0.0000,0.0000,0.0000,0.7051,0.7091,
4.6660,2.3966,0.0000,0.0000,0.0000,0.7051,0.7091,
4.6660,2.4033,0.0000,0.0000,0.0000,0.7051,0.7091,
4.6660,2.4099,0.0000,0.0000,0.0000,0.7051,0.7091,
4.6661,2.4166,0.0000,0.0000,0.0000,0.7051,0.7091,
4.6661,2.4233,0.0000,0.0000,0.0000,0.7051,0.7091,
4.6662,2.4300,0.0000,0.0000,0.0000,0.7051,0.7091,
4.6662,2.4367,0.0000,0.0000,0.0000,0.7051,0.7091,
4.6662,2.4434,0.0000,0.0000,0.0000,0.7051,0.7091,
4.6663,2.4500,0.0000,0.0000,0.0000,0.7051,0.7091,
4.6663,2.4567,0.0000,0.0000,0.0000,0.7051,0.7091,
4.6663,2.4634,0.0000,0.0000,0.0000,0.7051,0.7091,
4.6664,2.4701,0.0000,0.0000,0.0000,0.7051,0.7091,
4.6664,2.4768,0.0000,0.0000,0.0000,0.7051,0.7091,
4.6665,2.4835,0.0000,0.0000,0.0000,0.7051,0.7091,
4.6665,2.4901,0.0000,0.0000,0.0000,0.7051,0.7091,
4.6665,2.4968,0.0000,0.0000,0.0000,0.7051,0.7091,
4.6666,2.5035,0.0000,0.0000,0.0000,0.7051,0.7091,
4.6666,2.5102,0.0000,0.0000,0.0000,0.7051,0.7091,
4.6666,2.5169,0.0000,0.0000,0.0000,0.7051,0.7091,
4.6667,2.5236,0.0000,0.0000,0.0000,0.7051,0.7091,
4.6667,2.5302,0.0000,0.0000,0.0000,0.7051,0.7091,
4.6668,2.5369,0.0000,0.0000,0.0000,0.7051,0.7091,
4.6668,2.5436,0.0000,0.0000,0.0000,0.7051,0.7091,
4.6668,2.5503,0.0000,0.0000,0.0000,0.7051,0.7091,
4.6669,2.5570,0.0000,0.0000,0.0000,0.7051,0.7091,
4.6669,2.5636,0.0000,0.0000,0.0000,0.7051,0.7091,
4.6669,2.5703,0.0000,0.0000,0.0000,0.7051,0.7091,
4.6670,2.5770,0.0000,0.0000,0.0000,0.7051,0.7091,
4.6670,2.5837,0.0000,0.0000,0.0000,0.7051,0.7091,
4.6671,2.5904,0.0000,0.0000,0.0000,0.7051,0.7091,
4.6671,2.5971,0.0000,0.0000,0.0000,0.7051,0.7091,
4.6671,2.6037,0.0000,0.0000,0.0000,0.7051,0.7091,
4.6672,2.6104,0.0000,0.0000,0.0000,0.7051,0.7091,
4.6672,2.6171,0.0000,0.0000,0.0000,0.7051,0.7091,
4.6672,2.6238,0.0000,0.0000,0.0000,0.7051,0.7091,
4.6673,2.6305,0.0000,0.0000,0.0000,0.7051,0.7091,
4.6673,2.6372,0.0000,0.0000,0.0000,0.7051,0.7091,
4.6674,2.6438,0.0000,0.0000,0.0000,0.7051,0.7091,
4.6674,2.6505,0.0000,0.0000,0.0000,0.7051,0.7091,
4.6674,2.6572,0.0000,0.0000,0.0000,0.7051,0.7091,
4.6675,2.6639,0.0000,0.0000,0.0000,0.7051,0.7091,
4.6675,2.6706,0.0000,0.0000,0.0000,0.7051,0.7091,
4.6675,2.6773,0.0000,0.0000,0.0000,0.7051,0.7091,
4.6676,2.6839,0.0000,0.0000,0.0000,0.7051,0.7091,
4.6676,2.6906,0.0000,0.0000,0.0000,0.7051,0.7091,
4.6677,2.6973,0.0000,0.0000,0.0000,0.7051,0.7091,
4.6677,2.7040,0.0000,0.0000,0.0000,0.7051,0.7091,
4.6677,2.7107,0.0000,0.0000,0.0000,0.7051,0.7091,
4.6678,2.7174,0.0000,0.0000,0.0000,0.7051,0.7091,
4.6678,2.7240,0.0000,0.0000,0.0000,0.7051,0.7091,
4.6678,2.7307,0.0000,0.0000,0.0000,0.7051,0.7091,
4.6679,2.7374,0.0000,0.0000,0.0000,0.7051,0.7091,
4.6679,2.7441,0.0000,0.0000,0.0000,0.7051,0.7091,
4.6680,2.7508,0.0000,0.0000,0.0000,0.7051,0.7091,
4.6680,2.7574,0.0000,0.0000,0.0000,0.7051,0.7091,
4.6680,2.7641,0.0000,0.0000,0.0000,0.7051,0.7091,
4.6681,2.7708,0.0000,0.0000,0.0000,0.7051,0.7091,
4.6681,2.7775,0.0000,0.0000,0.0000,0.7051,0.7091,
4.6681,2.7842,0.0000,0.0000,0.0000,0.7051,0.7091,
4.6682,2.7909,0.0000,0.0000,0.0000,0.7051,0.7091,
4.6682,2.7975,0.0000,0.0000,0.0000,0.7051,0.7091,
4.6683,2.8042,0.0000,0.0000,0.0000,0.7051,0.7091,
4.6683,2.8109,0.0000,0.0000,0.0000,0.7051,0.7091,
4.6683,2.8176,0.0000,0.0000,0.0000,0.7051,0.7091,
4.6684,2.8243,0.0000,0.0000,0.0000,0.7051,0.7091,
4.6684,2.8310,0.0000,0.0000,0.0000,0.7051,0.7091,
4.6684,2.8376,0.0000,0.0000,0.0000,0.7051,0.7091,
4.6685,2.8443,0.0000,0.0000,0.0000,0.7051,0.7091,
4.6685,2.8510,0.0000,0.0000,0.0000,0.7051,0.7091,
4.6686,2.8577,0.0000,0.0000,0.0000,0.7051,0.7091,
4.6686,2.8644,0.0000,0.0000,0.0000,0.7051,0.7091,
4.6686,2.8711,0.0000,0.0000,0.0000,0.7051,0.7091,
4.6687,2.8777,0.0000,0.0000,0.0000,0.7051,0.7091,
4.6687,2.8844,0.0000,0.0000,0.0000,0.7051,0.7091,
4.6687,2.8911,0.0000,0.0000,0.0000,0.7051,0.7091,
4.6688,2.8978,0.0000,0.0000,0.0000,0.7051,0.7091,
4.6688,2.9045,0.0000,0.0000,0.0000,0.7051,0.7091,
4.6689,2.9112,0.0000,0.0000,0.0000,0.7051,0.7091,
4.6689,2.9178,0.0000,0.0000,0.0000,0.7051,0.7091,
4.6689,2.9245,0.0000,0.0000,0.0000,0.7051,0.7091,
4.6690,2.9312,0.0000,0.0000,0.0000,0.7051,0.7091,
4.6690,2.9379,0.0000,0.0000,0.0000,0.7051,0.7091,
4.6691,2.9446,0.0000,0.0000,0.0000,0.7051,0.7091,
4.6691,2.9513,0.0000,0.0000,0.0000,0.7051,0.7091,
4.6691,2.9579,0.0000,0.0000,0.0000,0.7051,0.7091,
4.6692,2.9646,0.0000,0.0000,0.0000,0.7051,0.7091,
4.6692,2.9713,0.0000,0.0000,0.0000,0.7051,0.7091,
4.6692,2.9780,0.0000,0.0000,0.0000,0.7051,0.7091,
4.6693,2.9847,0.0000,0.0000,0.0000,0.7051,0.7091,
4.6693,2.9913,0.0000,0.0000,0.0000,0.7051,0.7091,
4.6694,2.9980,0.0000,0.0000,0.0000,0.7051,0.7091,
4.6694,3.0047,0.0000,0.0000,0.0000,0.7051,0.7091,
4.6694,3.0114,0.0000,0.0000,0.0000,0.7051,0.7091,
4.6695,3.0181,0.0000,0.0000,0.0000,0.7051,0.7091,
4.6695,3.0248,0.0000,0.0000,0.0000,0.7051,0.7091,
4.6696,3.0381,0.0000,0.0000,0.0000,0.7055,0.7087,
4.6696,3.0449,0.0000,0.0000,0.0000,0.7055,0.7087,
4.6696,3.0517,0.0000,0.0000,0.0000,0.7055,0.7087,
4.6697,3.0584,0.0000,0.0000,0.0000,0.7055,0.7087,
4.6697,3.0652,0.0000,0.0000,0.0000,0.7055,0.7087,
4.6697,3.0720,0.0000,0.0000,0.0000,0.7055,0.7087,
4.6698,3.0787,0.0000,0.0000,0.0000,0.7055,0.7087,
4.6698,3.0855,0.0000,0.0000,0.0000,0.7055,0.7087,
4.6698,3.0923,0.0000,0.0000,0.0000,0.7055,0.7087,
4.6698,3.0990,0.0000,0.0000,0.0000,0.7055,0.7087,
4.6699,3.1058,0.0000,0.0000,0.0000,0.7055,0.7087,
4.6699,3.1126,0.0000,0.0000,0.0000,0.7055,0.7087,
4.6699,3.1193,0.0000,0.0000,0.0000,0.7055,0.7087,
4.6700,3.1261,0.0000,0.0000,0.0000,0.7055,0.7087,
4.6700,3.1328,0.0000,0.0000,0.0000,0.7055,0.7087,
4.6700,3.1396,0.0000,0.0000,0.0000,0.7055,0.7087,
4.6701,3.1464,0.0000,0.0000,0.0000,0.7055,0.7087,
4.6701,3.1531,0.0000,0.0000,0.0000,0.7055,0.7087,
4.6701,3.1599,0.0000,0.0000,0.0000,0.7055,0.7087,
4.6701,3.1667,0.0000,0.0000,0.0000,0.7055,0.7087,
4.6702,3.1734,0.0000,0.0000,0.0000,0.7055,0.7087,
4.6702,3.1802,0.0000,0.0000,0.0000,0.7055,0.7087,
4.6702,3.1870,0.0000,0.0000,0.0000,0.7055,0.7087,
4.6703,3.1937,0.0000,0.0000,0.0000,0.7055,0.7087,
4.6703,3.2005,0.0000,0.0000,0.0000,0.7055,0.7087,
4.6703,3.2073,0.0000,0.0000,0.0000,0.7055,0.7087,
4.6704,3.2140,0.0000,0.0000,0.0000,0.7055,0.7087,
4.6704,3.2208,0.0000,0.0000,0.0000,0.7055,0.7087,
4.6704,3.2276,0.0000,0.0000,0.0000,0.7055,0.7087,
4.6704,3.2343,0.0000,0.0000,0.0000,0.7055,0.7087,
4.6705,3.2411,0.0000,0.0000,0.0000,0.7055,0.7087,
4.6705,3.2479,0.0000,0.0000,0.0000,0.7055,0.7087,
4.6705,3.2546,0.0000,0.0000,0.0000,0.7055,0.7087,
4.6706,3.2614,0.0000,0.0000,0.0000,0.7055,0.7087,
4.6706,3.2682,0.0000,0.0000,0.0000,0.7055,0.7087,
4.6706,3.2749,0.0000,0.0000,0.0000,0.7055,0.7087,
4.6707,3.2817,0.0000,0.0000,0.0000,0.7055,0.7087,
4.6707,3.2885,0.0000,0.0000,0.0000,0.7055,0.7087,
4.6707,3.2952,0.0000,0.0000,0.0000,0.7055,0.7087,
4.6707,3.3020,0.0000,0.0000,0.0000,0.7055,0.7087,
4.6708,3.3088,0.0000,0.0000,0.0000,0.7055,0.7087,
4.6708,3.3155,0.0000,0.0000,0.0000,0.7055,0.7087,
4.6708,3.3223,0.0000,0.0000,0.0000,0.7055,0.7087,
4.6709,3.3291,0.0000,0.0000,0.0000,0.7055,0.7087,
4.6709,3.3358,0.0000,0.0000,0.0000,0.7055,0.7087,
4.6709,3.3426,0.0000,0.0000,0.0000,0.7055,0.7087,
4.6709,3.3493,0.0000,0.0000,0.0000,0.7055,0.7087,
4.6710,3.3561,0.0000,0.0000,0.0000,0.7055,0.7087,
4.6710,3.3629,0.0000,0.0000,0.0000,0.7055,0.7087,
4.6710,3.3696,0.0000,0.0000,0.0000,0.7055,0.7087,
4.6711,3.3764,0.0000,0.0000,0.0000,0.7055,0.7087,
4.6711,3.3832,0.0000,0.0000,0.0000,0.7055,0.7087,
4.6712,3.3967,0.0000,0.0000,0.0000,0.7250,0.6887,
4.6708,3.4037,0.0000,0.0000,0.0000,0.7250,0.6887,
4.6704,3.4108,0.0000,0.0000,0.0000,0.7250,0.6887,
4.6701,3.4178,0.0000,0.0000,0.0000,0.7250,0.6887,
4.6697,3.4248,0.0000,0.0000,0.0000,0.7250,0.6887,
4.6694,3.4318,0.0000,0.0000,0.0000,0.7250,0.6887,
4.6690,3.4388,0.0000,0.0000,0.0000,0.7250,0.6887,
4.6686,3.4459,0.0000,0.0000,0.0000,0.7250,0.6887,
4.6683,3.4529,0.0000,0.0000,0.0000,0.7250,0.6887,
4.6679,3.4599,0.0000,0.0000,0.0000,0.7250,0.6887,
4.6676,3.4669,0.0000,0.0000,0.0000,0.7250,0.6887,
4.6672,3.4740,0.0000,0.0000,0.0000,0.7250,0.6887,
4.6665,3.4880,0.0000,0.0000,0.0000,0.7759,0.6308,
4.6651,3.4948,0.0000,0.0000,0.0000,0.7759,0.6308,
4.6636,3.5016,0.0000,0.0000,0.0000,0.7759,0.6308,
4.6622,3.5083,0.0000,0.0000,0.0000,0.7759,0.6308,
4.6608,3.5151,0.0000,0.0000,0.0000,0.7759,0.6308,
4.6594,3.5219,0.0000,0.0000,0.0000,0.7759,0.6308,
4.6580,3.5287,0.0000,0.0000,0.0000,0.7759,0.6308,
4.6566,3.5355,0.0000,0.0000,0.0000,0.7759,0.6308,
4.6552,3.5422,0.0000,0.0000,0.0000,0.7759,0.6308,
4.6523,3.5558,0.0000,0.0000,0.0000,0.7972,0.6037,
4.6504,3.5626,0.0000,0.0000,0.0000,0.7972,0.6037,
4.6485,3.5694,0.0000,0.0000,0.0000,0.7972,0.6037,
4.6466,3.5762,0.0000,0.0000,0.0000,0.7972,0.6037,
4.6447,3.5830,0.0000,0.0000,0.0000,0.7972,0.6037,
4.6428,3.5898,0.0000,0.0000,0.0000,0.7972,0.6037,
4.6409,3.5966,0.0000,0.0000,0.0000,0.7972,0.6037,
4.6389,3.6034,0.0000,0.0000,0.0000,0.7972,0.6037,
4.6370,3.6102,0.0000,0.0000,0.0000,0.7972,0.6037,
4.6351,3.6170,0.0000,0.0000,0.0000,0.7972,0.6037,
4.6332,3.6238,0.0000,0.0000,0.0000,0.7972,0.6037,
4.6313,3.6306,0.0000,0.0000,0.0000,0.7972,0.6037,
4.6294,3.6374,0.0000,0.0000,0.0000,0.7972,0.6037,
4.6275,3.6442,0.0000,0.0000,0.0000,0.7972,0.6037,
4.6236,3.6577,0.0000,0.0000,0.0000,0.8351,0.5501,
4.6208,3.6643,0.0000,0.0000,0.0000,0.8351,0.5501,
4.6180,3.6709,0.0000,0.0000,0.0000,0.8351,0.5501,
4.6152,3.6775,0.0000,0.0000,0.0000,0.8351,0.5501,
4.6123,3.6841,0.0000,0.0000,0.0000,0.8351,0.5501,
4.6095,3.6906,0.0000,0.0000,0.0000,0.8351,0.5501,
4.6067,3.6972,0.0000,0.0000,0.0000,0.8351,0.5501,
4.6038,3.7038,0.0000,0.0000,0.0000,0.8351,0.5501,
4.6010,3.7104,0.0000,0.0000,0.0000,0.8351,0.5501,
4.5982,3.7170,0.0000,0.0000,0.0000,0.8351,0.5501,
4.5954,3.7235,0.0000,0.0000,0.0000,0.8351,0.5501,
4.5897,3.7367,0.0000,0.0000,0.0000,0.9132,0.4076,
4.5849,3.7420,0.0000,0.0000,0.0000,0.9132,0.4076,
4.5801,3.7473,0.0000,0.0000,0.0000,0.9132,0.4076,
4.5754,3.7527,0.0000,0.0000,0.0000,0.9132,0.4076,
4.5706,3.7580,0.0000,0.0000,0.0000,0.9132,0.4076,
4.5658,3.7633,0.0000,0.0000,0.0000,0.9132,0.4076,
4.5610,3.7687,0.0000,0.0000,0.0000,0.9132,0.4076,
4.5562,3.7740,0.0000,0.0000,0.0000,0.9132,0.4076,
4.5515,3.7793,0.0000,0.0000,0.0000,0.9132,0.4076,
4.5467,3.7847,0.0000,0.0000,0.0000,0.9132,0.4076,
4.5419,3.7900,0.0000,0.0000,0.0000,0.9132,0.4076,
4.5371,3.7953,0.0000,0.0000,0.0000,0.9132,0.4076,
4.5275,3.8060,0.0000,0.0000,0.0000,0.9782,0.2077,
4.5213,3.8088,0.0000,0.0000,0.0000,0.9782,0.2077,
4.5151,3.8115,0.0000,0.0000,0.0000,0.9782,0.2077,
4.5089,3.8143,0.0000,0.0000,0.0000,0.9782,0.2077,
4.5027,3.8170,0.0000,0.0000,0.0000,0.9782,0.2077,
4.4965,3.8198,0.0000,0.0000,0.0000,0.9782,0.2077,
4.4903,3.8226,0.0000,0.0000,0.0000,0.9782,0.2077,
4.4841,3.8253,0.0000,0.0000,0.0000,0.9782,0.2077,
4.4778,3.8281,0.0000,0.0000,0.0000,0.9782,0.2077,
4.4716,3.8309,0.0000,0.0000,0.0000,0.9782,0.2077,
4.4654,3.8336,0.0000,0.0000,0.0000,0.9782,0.2077,
4.4592,3.8364,0.0000,0.0000,0.0000,0.9782,0.2077,
4.4530,3.8391,0.0000,0.0000,0.0000,0.9782,0.2077,
4.4406,3.8447,0.0000,0.0000,0.0000,0.9965,0.0837,
4.4339,3.8458,0.0000,0.0000,0.0000,0.9965,0.0837,
4.4272,3.8469,0.0000,0.0000,0.0000,0.9965,0.0837,
4.4205,3.8481,0.0000,0.0000,0.0000,0.9965,0.0837,
4.4139,3.8492,0.0000,0.0000,0.0000,0.9965,0.0837,
4.4072,3.8503,0.0000,0.0000,0.0000,0.9965,0.0837,
4.4005,3.8515,0.0000,0.0000,0.0000,0.9965,0.0837,
4.3938,3.8526,0.0000,0.0000,0.0000,0.9965,0.0837,
4.3871,3.8537,0.0000,0.0000,0.0000,0.9965,0.0837,
4.3805,3.8548,0.0000,0.0000,0.0000,0.9965,0.0837,
4.3738,3.8560,0.0000,0.0000,0.0000,0.9965,0.0837,
4.3671,3.8571,0.0000,0.0000,0.0000,0.9965,0.0837,
4.3604,3.8582,0.0000,0.0000,0.0000,0.9965,0.0837,
4.3537,3.8594,0.0000,0.0000,0.0000,0.9965,0.0837,
4.3471,3.8605,0.0000,0.0000,0.0000,0.9965,0.0837,
4.3404,3.8616,0.0000,0.0000,0.0000,0.9965,0.0837,
4.3337,3.8627,0.0000,0.0000,0.0000,0.9965,0.0837,
4.3270,3.8639,0.0000,0.0000,0.0000,0.9965,0.0837,
4.3203,3.8650,0.0000,0.0000,0.0000,0.9965,0.0837,
4.3137,3.8661,0.0000,0.0000,0.0000,0.9965,0.0837,
4.3070,3.8673,0.0000,0.0000,0.0000,0.9965,0.0837,
4.3003,3.8684,0.0000,0.0000,0.0000,0.9965,0.0837,
4.2936,3.8695,0.0000,0.0000,0.0000,0.9965,0.0837,
4.2869,3.8707,0.0000,0.0000,0.0000,0.9965,0.0837,
4.2736,3.8729,0.0000,0.0000,0.0000,0.9997,0.0235,
4.2668,3.8732,0.0000,0.0000,0.0000,0.9997,0.0235,
4.2600,3.8736,0.0000,0.0000,0.0000,0.9997,0.0235,
4.2532,3.8739,0.0000,0.0000,0.0000,0.9997,0.0235,
4.2464,3.8742,0.0000,0.0000,0.0000,0.9997,0.0235,
4.2397,3.8745,0.0000,0.0000,0.0000,0.9997,0.0235,
4.2329,3.8748,0.0000,0.0000,0.0000,0.9997,0.0235,
4.2261,3.8752,0.0000,0.0000,0.0000,0.9997,0.0235,
4.2193,3.8755,0.0000,0.0000,0.0000,0.9997,0.0235,
4.2125,3.8758,0.0000,0.0000,0.0000,0.9997,0.0235,
4.2057,3.8761,0.0000,0.0000,0.0000,0.9997,0.0235,
4.1990,3.8764,0.0000,0.0000,0.0000,0.9997,0.0235,
4.1922,3.8768,0.0000,0.0000,0.0000,0.9997,0.0235,
4.1854,3.8771,0.0000,0.0000,0.0000,0.9997,0.0235,
4.1786,3.8774,0.0000,0.0000,0.0000,0.9997,0.0235,
4.1718,3.8777,0.0000,0.0000,0.0000,0.9997,0.0235,
4.1651,3.8780,0.0000,0.0000,0.0000,0.9997,0.0235,
4.1583,3.8784,0.0000,0.0000,0.0000,0.9997,0.0235,
4.1515,3.8787,0.0000,0.0000,0.0000,0.9997,0.0235,
4.1447,3.8790,0.0000,0.0000,0.0000,0.9997,0.0235,
4.1379,3.8793,0.0000,0.0000,0.0000,0.9997,0.0235,
4.1311,3.8796,0.0000,0.0000,0.0000,0.9997,0.0235,
4.1244,3.8799,0.0000,0.0000,0.0000,0.9997,0.0235,
4.1176,3.8803,0.0000,0.0000,0.0000,0.9997,0.0235,
4.1108,3.8806,0.0000,0.0000,0.0000,0.9997,0.0235,
4.1040,3.8809,0.0000,0.0000,0.0000,0.9997,0.0235,
4.0904,3.8815,0.0000,0.0000,0.0000,1.0000,0.0038,
4.0837,3.8816,0.0000,0.0000,0.0000,1.0000,0.0038,
4.0770,3.8816,0.0000,0.0000,0.0000,1.0000,0.0038,
4.0703,3.8817,0.0000,0.0000,0.0000,1.0000,0.0038,
4.0636,3.8818,0.0000,0.0000,0.0000,1.0000,0.0038,
4.0569,3.8818,0.0000,0.0000,0.0000,1.0000,0.0038,
4.0501,3.8819,0.0000,0.0000,0.0000,1.0000,0.0038,
4.0434,3.8819,0.0000,0.0000,0.0000,1.0000,0.0038,
4.0367,3.8820,0.0000,0.0000,0.0000,1.0000,0.0038,
4.0300,3.8820,0.0000,0.0000,0.0000,1.0000,0.0038,
4.0233,3.8821,0.0000,0.0000,0.0000,1.0000,0.0038,
4.0166,3.8821,0.0000,0.0000,0.0000,1.0000,0.0038,
4.0099,3.8822,0.0000,0.0000,0.0000,1.0000,0.0038,
4.0031,3.8822,0.0000,0.0000,0.0000,1.0000,0.0038,
3.9964,3.8823,0.0000,0.0000,0.0000,1.0000,0.0038,
3.9897,3.8823,0.0000,0.0000,0.0000,1.0000,0.0038,
3.9830,3.8824,0.0000,0.0000,0.0000,1.0000,0.0038,
3.9763,3.8824,0.0000,0.0000,0.0000,1.0000,0.0038,
3.9696,3.8825,0.0000,0.0000,0.0000,1.0000,0.0038,
3.9628,3.8825,0.0000,0.0000,0.0000,1.0000,0.0038,
3.9561,3.8826,0.0000,0.0000,0.0000,1.0000,0.0038,
3.9494,3.8826,0.0000,0.0000,0.0000,1.0000,0.0038,
3.9427,3.8827,0.0000,0.0000,0.0000,1.0000,0.0038,
3.9360,3.8827,0.0000,0.0000,0.0000,1.0000,0.0038,
3.9293,3.8828,0.0000,0.0000,0.0000,1.0000,0.0038,
3.9225,3.8828,0.0000,0.0000,0.0000,1.0000,0.0038,
3.9158,3.8829,0.0000,0.0000,0.0000,1.0000,0.0038,
3.9091,3.8829,0.0000,0.0000,0.0000,1.0000,0.0038,
3.9024,3.8830,0.0000,0.0000,0.0000,1.0000,0.0038,
3.8957,3.8830,0.0000,0.0000,0.0000,1.0000,0.0038,
3.8890,3.8831,0.0000,0.0000,0.0000,1.0000,0.0038,
3.8823,3.8831,0.0000,0.0000,0.0000,1.0000,0.0038,
3.8755,3.8832,0.0000,0.0000,0.0000,1.0000,0.0038,
3.8688,3.8832,0.0000,0.0000,0.0000,1.0000,0.0038,
3.8621,3.8833,0.0000,0.0000,0.0000,1.0000,0.0038,
3.8554,3.8833,0.0000,0.0000,0.0000,1.0000,0.0038,
3.8487,3.8834,0.0000,0.0000,0.0000,1.0000,0.0038,
3.8420,3.8834,0.0000,0.0000,0.0000,1.0000,0.0038,
3.8352,3.8835,0.0000,0.0000,0.0000,1.0000,0.0038,
3.8285,3.8835,0.0000,0.0000,0.0000,1.0000,0.0038,
3.8218,3.8836,0.0000,0.0000,0.0000,1.0000,0.0038,
3.8151,3.8836,0.0000,0.0000,0.0000,1.0000,0.0038,
3.8084,3.8837,0.0000,0.0000,0.0000,1.0000,0.0038,
3.8017,3.8837,0.0000,0.0000,0.0000,1.0000,0.0038,
3.7950,3.8838,0.0000,0.0000,0.0000,1.0000,0.0038,
3.7882,3.8838,0.0000,0.0000,0.0000,1.0000,0.0038,
3.7815,3.8839,0.0000,0.0000,0.0000,1.0000,0.0038,
3.7748,3.8839,0.0000,0.0000,0.0000,1.0000,0.0038,
3.7681,3.8840,0.0000,0.0000,0.0000,1.0000,0.0038,
3.7614,3.8840,0.0000,0.0000,0.0000,1.0000,0.0038,
3.7547,3.8841,0.0000,0.0000,0.0000,1.0000,0.0038,
3.7479,3.8841,0.0000,0.0000,0.0000,1.0000,0.0038,
3.7412,3.8842,0.0000,0.0000,0.0000,1.0000,0.0038,
3.7345,3.8842,0.0000,0.0000,0.0000,1.0000,0.0038,
3.7278,3.8843,0.0000,0.0000,0.0000,1.0000,0.0038,
3.7211,3.8843,0.0000,0.0000,0.0000,1.0000,0.0038,
3.7144,3.8844,0.0000,0.0000,0.0000,1.0000,0.0038,
3.7076,3.8844,0.0000,0.0000,0.0000,1.0000,0.0038,
3.7009,3.8845,0.0000,0.0000,0.0000,1.0000,0.0038,
3.6942,3.8845,0.0000,0.0000,0.0000,1.0000,0.0038,
3.6875,3.8846,0.0000,0.0000,0.0000,1.0000,0.0038,
3.6808,3.8847,0.0000,0.0000,0.0000,1.0000,0.0038,
3.6741,3.8847,0.0000,0.0000,0.0000,1.0000,0.0038,
3.6674,3.8848,0.0000,0.0000,0.0000,1.0000,0.0038,
3.6606,3.8848,0.0000,0.0000,0.0000,1.0000,0.0038,
3.6539,3.8849,0.0000,0.0000,0.0000,1.0000,0.0038,
3.6472,3.8849,0.0000,0.0000,0.0000,1.0000,0.0038,
3.6405,3.8850,0.0000,0.0000,0.0000,1.0000,0.0038,
3.6338,3.8850,0.0000,0.0000,0.0000,1.0000,0.0038,
3.6271,3.8851,0.0000,0.0000,0.0000,1.0000,0.0038,
3.6203,3.8851,0.0000,0.0000,0.0000,1.0000,0.0038,
3.6136,3.8852,0.0000,0.0000,0.0000,1.0000,0.0038,
3.6069,3.8852,0.0000,0.0000,0.0000,1.0000,0.0038,
3.6002,3.8853,0.0000,0.0000,0.0000,1.0000,0.0038,
3.5935,3.8853,0.0000,0.0000,0.0000,1.0000,0.0038,
3.5868,3.8854,0.0000,0.0000,0.0000,1.0000,0.0038,
3.5800,3.8854,0.0000,0.0000,0.0000,1.0000,0.0038,
3.5733,3.8855,0.0000,0.0000,0.0000,1.0000,0.0038,
3.5666,3.8855,0.0000,0.0000,0.0000,1.0000,0.0038,
3.5599,3.8856,0.0000,0.0000,0.0000,1.0000,0.0038,
3.5532,3.8856,0.0000,0.0000,0.0000,1.0000,0.0038,
3.5465,3.8857,0.0000,0.0000,0.0000,1.0000,0.0038,
3.5398,3.8857,0.0000,0.0000,0.0000,1.0000,0.0038,
3.5330,3.8858,0.0000,0.0000,0.0000,1.0000,0.0038,
3.5263,3.8858,0.0000,0.0000,0.0000,1.0000,0.0038,
3.5196,3.8859,0.0000,0.0000,0.0000,1.0000,0.0038,
3.5129,3.8859,0.0000,0.0000,0.0000,1.0000,0.0038,
3.5062,3.8860,0.0000,0.0000,0.0000,1.0000,0.0038,
3.4995,3.8860,0.0000,0.0000,0.0000,1.0000,0.0038,
3.4927,3.8861,0.0000,0.0000,0.0000,1.0000,0.0038,
3.4860,3.8861,0.0000,0.0000,0.0000,1.0000,0.0038,
3.4793,3.8862,0.0000,0.0000,0.0000,1.0000,0.0038,
3.4726,3.8862,0.0000,0.0000,0.0000,1.0000,0.0038,
3.4659,3.8863,0.0000,0.0000,0.0000,1.0000,0.0038,
3.4592,3.8863,0.0000,0.0000,0.0000,1.0000,0.0038,
3.4524,3.8864,0.0000,0.0000,0.0000,1.0000,0.0038,
3.4457,3.8864,0.0000,0.0000,0.0000,1.0000,0.0038,
3.4390,3.8865,0.0000,0.0000,0.0000,1.0000,0.0038,
3.4323,3.8865,0.0000,0.0000,0.0000,1.0000,0.0038,
3.4256,3.8866,0.0000,0.0000,0.0000,1.0000,0.0038,
3.4189,3.8866,0.0000,0.0000,0.0000,1.0000,0.0038,
3.4122,3.8867,0.0000,0.0000,0.0000,1.0000,0.0038,
3.4054,3.8867,0.0000,0.0000,0.0000,1.0000,0.0038,
3.3987,3.8868,0.0000,0.0000,0.0000,1.0000,0.0038,
3.3920,3.8868,0.0000,0.0000,0.0000,1.0000,0.0038,
3.3853,3.8869,0.0000,0.0000,0.0000,1.0000,0.0038,
3.3786,3.8869,0.0000,0.0000,0.0000,1.0000,0.0038,
3.3719,3.8870,0.0000,0.0000,0.0000,1.0000,0.0038,
3.3651,3.8870,0.0000,0.0000,0.0000,1.0000,0.0038,
3.3584,3.8871,0.0000,0.0000,0.0000,1.0000,0.0038,
3.3517,3.8871,0.0000,0.0000,0.0000,1.0000,0.0038,
3.3450,3.8872,0.0000,0.0000,0.0000,1.0000,0.0038,
3.3316,3.8873,0.0000,0.0000,0.0000,-1.0000,0.0009,
3.3247,3.8873,0.0000,0.0000,0.0000,-1.0000,0.0009,
3.3178,3.8873,0.0000,0.0000,0.0000,-1.0000,0.0009,
3.3110,3.8873,0.0000,0.0000,0.0000,-1.0000,0.0009,
3.3041,3.8872,0.0000,0.0000,0.0000,-1.0000,0.0009,
3.2973,3.8872,0.0000,0.0000,0.0000,-1.0000,0.0009,
3.2904,3.8872,0.0000,0.0000,0.0000,-1.0000,0.0009,
3.2835,3.8872,0.0000,0.0000,0.0000,-1.0000,0.0009,
3.2767,3.8872,0.0000,0.0000,0.0000,-1.0000,0.0009,
3.2698,3.8872,0.0000,0.0000,0.0000,-1.0000,0.0009,
3.2629,3.8872,0.0000,0.0000,0.0000,-1.0000,0.0009,
3.2561,3.8872,0.0000,0.0000,0.0000,-1.0000,0.0009,
3.2492,3.8871,0.0000,0.0000,0.0000,-1.0000,0.0009,
3.2424,3.8871,0.0000,0.0000,0.0000,-1.0000,0.0009,
3.2355,3.8871,0.0000,0.0000,0.0000,-1.0000,0.0009,
3.2286,3.8871,0.0000,0.0000,0.0000,-1.0000,0.0009,
3.2218,3.8871,0.0000,0.0000,0.0000,-1.0000,0.0009,
3.2149,3.8871,0.0000,0.0000,0.0000,-1.0000,0.0009,
3.2081,3.8871,0.0000,0.0000,0.0000,-1.0000,0.0009,
3.2012,3.8871,0.0000,0.0000,0.0000,-1.0000,0.0009,
3.1943,3.8870,0.0000,0.0000,0.0000,-1.0000,0.0009,
3.1875,3.8870,0.0000,0.0000,0.0000,-1.0000,0.0009,
3.1806,3.8870,0.0000,0.0000,0.0000,-1.0000,0.0009,
3.1669,3.8870,0.0000,0.0000,0.0000,-0.9969,0.0784,
3.1599,3.8859,0.0000,0.0000,0.0000,-0.9969,0.0784,
3.1529,3.8848,0.0000,0.0000,0.0000,-0.9969,0.0784,
3.1459,3.8837,0.0000,0.0000,0.0000,-0.9969,0.0784,
3.1389,3.8826,0.0000,0.0000,0.0000,-0.9969,0.0784,
3.1320,3.8815,0.0000,0.0000,0.0000,-0.9969,0.0784,
3.1250,3.8804,0.0000,0.0000,0.0000,-0.9969,0.0784,
3.1180,3.8793,0.0000,0.0000,0.0000,-0.9969,0.0784,
3.1110,3.8782,0.0000,0.0000,0.0000,-0.9969,0.0784,
3.1040,3.8770,0.0000,0.0000,0.0000,-0.9969,0.0784,
3.0970,3.8759,0.0000,0.0000,0.0000,-0.9969,0.0784,
3.0900,3.8748,0.0000,0.0000,0.0000,-0.9969,0.0784,
3.0831,3.8737,0.0000,0.0000,0.0000,-0.9969,0.0784,
3.0761,3.8726,0.0000,0.0000,0.0000,-0.9969,0.0784,
3.0691,3.8715,0.0000,0.0000,0.0000,-0.9969,0.0784,
3.0551,3.8693,0.0000,0.0000,0.0000,-0.9828,0.1849,
3.0484,3.8667,0.0000,0.0000,0.0000,-0.9828,0.1849,
3.0417,3.8641,0.0000,0.0000,0.0000,-0.9828,0.1849,
3.0350,3.8614,0.0000,0.0000,0.0000,-0.9828,0.1849,
3.0282,3.8588,0.0000,0.0000,0.0000,-0.9828,0.1849,
3.0215,3.8562,0.0000,0.0000,0.0000,-0.9828,0.1849,
3.0148,3.8536,0.0000,0.0000,0.0000,-0.9828,0.1849,
3.0081,3.8509,0.0000,0.0000,0.0000,-0.9828,0.1849,
3.0013,3.8483,0.0000,0.0000,0.0000,-0.9828,0.1849,
2.9946,3.8457,0.0000,0.0000,0.0000,-0.9828,0.1849,
2.9812,3.8405,0.0000,0.0000,0.0000,-0.9288,0.3705,
2.9762,3.8357,0.0000,0.0000,0.0000,-0.9288,0.3705,
2.9712,3.8310,0.0000,0.0000,0.0000,-0.9288,0.3705,
2.9662,3.8263,0.0000,0.0000,0.0000,-0.9288,0.3705,
2.9612,3.8216,0.0000,0.0000,0.0000,-0.9288,0.3705,
2.9563,3.8168,0.0000,0.0000,0.0000,-0.9288,0.3705,
2.9513,3.8121,0.0000,0.0000,0.0000,-0.9288,0.3705,
2.9463,3.8074,0.0000,0.0000,0.0000,-0.9288,0.3705,
2.9413,3.8027,0.0000,0.0000,0.0000,-0.9288,0.3705,
2.9364,3.7979,0.0000,0.0000,0.0000,-0.9288,0.3705,
2.9314,3.7932,0.0000,0.0000,0.0000,-0.9288,0.3705,
2.9264,3.7885,0.0000,0.0000,0.0000,-0.9288,0.3705,
2.9214,3.7838,0.0000,0.0000,0.0000,-0.9288,0.3705,
2.9164,3.7791,0.0000,0.0000,0.0000,-0.9288,0.3705,
2.9065,3.7696,0.0000,0.0000,0.0000,-0.8650,0.5018,
2.9029,3.7634,0.0000,0.0000,0.0000,-0.8650,0.5018,
2.8994,3.7572,0.0000,0.0000,0.0000,-0.8650,0.5018,
2.8959,3.7510,0.0000,0.0000,0.0000,-0.8650,0.5018,
2.8923,3.7449,0.0000,0.0000,0.0000,-0.8650,0.5018,
2.8888,3.7387,0.0000,0.0000,0.0000,-0.8650,0.5018,
2.8853,3.7325,0.0000,0.0000,0.0000,-0.8650,0.5018,
2.8817,3.7263,0.0000,0.0000,0.0000,-0.8650,0.5018,
2.8782,3.7201,0.0000,0.0000,0.0000,-0.8650,0.5018,
2.8746,3.7139,0.0000,0.0000,0.0000,-0.8650,0.5018,
2.8711,3.7077,0.0000,0.0000,0.0000,-0.8650,0.5018,
2.8676,3.7015,0.0000,0.0000,0.0000,-0.8650,0.5018,
2.8605,3.6892,0.0000,0.0000,0.0000,-0.7785,0.6277,
2.8591,3.6826,0.0000,0.0000,0.0000,-0.7785,0.6277,
2.8576,3.6760,0.0000,0.0000,0.0000,-0.7785,0.6277,
2.8562,3.6694,0.0000,0.0000,0.0000,-0.7785,0.6277,
2.8548,3.6628,0.0000,0.0000,0.0000,-0.7785,0.6277,
2.8533,3.6562,0.0000,0.0000,0.0000,-0.7785,0.6277,
2.8519,3.6497,0.0000,0.0000,0.0000,-0.7785,0.6277,
2.8505,3.6431,0.0000,0.0000,0.0000,-0.7785,0.6277,
2.8491,3.6365,0.0000,0.0000,0.0000,-0.7785,0.6277,
2.8476,3.6299,0.0000,0.0000,0.0000,-0.7785,0.6277,
2.8462,3.6233,0.0000,0.0000,0.0000,-0.7785,0.6277,
2.8448,3.6168,0.0000,0.0000,0.0000,-0.7785,0.6277,
2.8433,3.6102,0.0000,0.0000,0.0000,-0.7785,0.6277,
2.8419,3.6036,0.0000,0.0000,0.0000,-0.7785,0.6277,
2.8405,3.5970,0.0000,0.0000,0.0000,-0.7785,0.6277,
2.8391,3.5904,0.0000,0.0000,0.0000,-0.7785,0.6277,
2.8376,3.5838,0.0000,0.0000,0.0000,-0.7785,0.6277,
2.8362,3.5773,0.0000,0.0000,0.0000,-0.7785,0.6277,
2.8348,3.5707,0.0000,0.0000,0.0000,-0.7785,0.6277,
2.8333,3.5641,0.0000,0.0000,0.0000,-0.7785,0.6277,
2.8319,3.5575,0.0000,0.0000,0.0000,-0.7785,0.6277,
2.8305,3.5509,0.0000,0.0000,0.0000,-0.7785,0.6277,
2.8291,3.5444,0.0000,0.0000,0.0000,-0.7785,0.6277,
2.8276,3.5378,0.0000,0.0000,0.0000,-0.7785,0.6277,
2.8248,3.5246,0.0000,0.0000,0.0000,-0.7389,0.6739,
2.8242,3.5178,0.0000,0.0000,0.0000,-0.7389,0.6739,
2.8235,3.5110,0.0000,0.0000,0.0000,-0.7389,0.6739,
2.8229,3.5042,0.0000,0.0000,0.0000,-0.7389,0.6739,
2.8223,3.4974,0.0000,0.0000,0.0000,-0.7389,0.6739,
2.8216,3.4906,0.0000,0.0000,0.0000,-0.7389,0.6739,
2.8210,3.4838,0.0000,0.0000,0.0000,-0.7389,0.6739,
2.8204,3.4770,0.0000,0.0000,0.0000,-0.7389,0.6739,
2.8198,3.4702,0.0000,0.0000,0.0000,-0.7389,0.6739,
2.8191,3.4634,0.0000,0.0000,0.0000,-0.7389,0.6739,
2.8185,3.4566,0.0000,0.0000,0.0000,-0.7389,0.6739,
2.8179,3.4498,0.0000,0.0000,0.0000,-0.7389,0.6739,
2.8173,3.4430,0.0000,0.0000,0.0000,-0.7389,0.6739,
2.8166,3.4362,0.0000,0.0000,0.0000,-0.7389,0.6739,
2.8160,3.4294,0.0000,0.0000,0.0000,-0.7389,0.6739,
2.8154,3.4226,0.0000,0.0000,0.0000,-0.7389,0.6739,
2.8147,3.4158,0.0000,0.0000,0.0000,-0.7389,0.6739,
2.8141,3.4090,0.0000,0.0000,0.0000,-0.7389,0.6739,
2.8135,3.4022,0.0000,0.0000,0.0000,-0.7389,0.6739,
2.8129,3.3954,0.0000,0.0000,0.0000,-0.7389,0.6739,
2.8122,3.3886,0.0000,0.0000,0.0000,-0.7389,0.6739,
2.8116,3.3818,0.0000,0.0000,0.0000,-0.7389,0.6739,
2.8110,3.3750,0.0000,0.0000,0.0000,-0.7389,0.6739,
2.8104,3.3682,0.0000,0.0000,0.0000,-0.7389,0.6739,
2.8097,3.3614,0.0000,0.0000,0.0000,-0.7389,0.6739,
2.8085,3.3478,0.0000,0.0000,0.0000,-0.7105,0.7037,
2.8084,3.3411,0.0000,0.0000,0.0000,-0.7105,0.7037,
2.8084,3.3344,0.0000,0.0000,0.0000,-0.7105,0.7037,
2.8083,3.3276,0.0000,0.0000,0.0000,-0.7105,0.7037,
2.8082,3.3209,0.0000,0.0000,0.0000,-0.7105,0.7037,
2.8082,3.3142,0.0000,0.0000,0.0000,-0.7105,0.7037,
2.8081,3.3075,0.0000,0.0000,0.0000,-0.7105,0.7037,
2.8080,3.3008,0.0000,0.0000,0.0000,-0.7105,0.7037,
2.8080,3.2940,0.0000,0.0000,0.0000,-0.7105,0.7037,
2.8079,3.2873,0.0000,0.0000,0.0000,-0.7105,0.7037,
2.8078,3.2806,0.0000,0.0000,0.0000,-0.7105,0.7037,
2.8078,3.2739,0.0000,0.0000,0.0000,-0.7105,0.7037,
2.8077,3.2672,0.0000,0.0000,0.0000,-0.7105,0.7037,
2.8076,3.2604,0.0000,0.0000,0.0000,-0.7105,0.7037,
2.8076,3.2537,0.0000,0.0000,0.0000,-0.7105,0.7037,
2.8075,3.2470,0.0000,0.0000,0.0000,-0.7105,0.7037,
2.8075,3.2403,0.0000,0.0000,0.0000,-0.7105,0.7037,
2.8074,3.2336,0.0000,0.0000,0.0000,-0.7105,0.7037,
2.8073,3.2269,0.0000,0.0000,0.0000,-0.7105,0.7037,
2.8073,3.2201,0.0000,0.0000,0.0000,-0.7105,0.7037,
2.8072,3.2134,0.0000,0.0000,0.0000,-0.7105,0.7037,
2.8071,3.2067,0.0000,0.0000,0.0000,-0.7105,0.7037,
2.8071,3.2000,0.0000,0.0000,0.0000,-0.7105,0.7037,
2.8070,3.1933,0.0000,0.0000,0.0000,-0.7105,0.7037,
2.8069,3.1865,0.0000,0.0000,0.0000,-0.7105,0.7037,
2.8069,3.1798,0.0000,0.0000,0.0000,-0.7105,0.7037,
2.8068,3.1731,0.0000,0.0000,0.0000,-0.7105,0.7037,
2.8068,3.1664,0.0000,0.0000,0.0000,-0.7105,0.7037,
2.8067,3.1597,0.0000,0.0000,0.0000,-0.7105,0.7037,
2.8066,3.1529,0.0000,0.0000,0.0000,-0.7105,0.7037,
2.8066,3.1462,0.0000,0.0000,0.0000,-0.7105,0.7037,
2.8065,3.1395,0.0000,0.0000,0.0000,-0.7105,0.7037,
2.8064,3.1328,0.0000,0.0000,0.0000,-0.7105,0.7037,
2.8064,3.1261,0.0000,0.0000,0.0000,-0.7105,0.7037,
2.8063,3.1193,0.0000,0.0000,0.0000,-0.7105,0.7037,
2.8062,3.1126,0.0000,0.0000,0.0000,-0.7105,0.7037,
2.8062,3.1059,0.0000,0.0000,0.0000,-0.7105,0.7037,
2.8061,3.0992,0.0000,0.0000,0.0000,-0.7105,0.7037,
2.8060,3.0925,0.0000,0.0000,0.0000,-0.7105,0.7037,
2.8060,3.0857,0.0000,0.0000,0.0000,-0.7105,0.7037,
2.8059,3.0790,0.0000,0.0000,0.0000,-0.7105,0.7037,
2.8059,3.0723,0.0000,0.0000,0.0000,-0.7105,0.7037,
2.8058,3.0656,0.0000,0.0000,0.0000,-0.7105,0.7037,
2.8057,3.0589,0.0000,0.0000,0.0000,-0.7105,0.7037,
2.8057,3.0521,0.0000,0.0000,0.0000,-0.7105,0.7037,
2.8056,3.0454,0.0000,0.0000,0.0000,-0.7105,0.7037,
2.8055,3.0387,0.0000,0.0000,0.0000,-0.7105,0.7037,
2.8054,3.0253,0.0000,0.0000,0.0000,-0.7630,0.6464,
2.8043,3.0184,0.0000,0.0000,0.0000,-0.7630,0.6464,
2.8031,3.0116,0.0000,0.0000,0.0000,-0.7630,0.6464,
2.8020,3.0047,0.0000,0.0000,0.0000,-0.7630,0.6464,
2.8009,2.9979,0.0000,0.0000,0.0000,-0.7630,0.6464,
2.7997,2.9910,0.0000,0.0000,0.0000,-0.7630,0.6464,
2.7986,2.9842,0.0000,0.0000,0.0000,-0.7630,0.6464,
2.7974,2.9773,0.0000,0.0000,0.0000,-0.7630,0.6464,
2.7963,2.9705,0.0000,0.0000,0.0000,-0.7630,0.6464,
2.7952,2.9637,0.0000,0.0000,0.0000,-0.7630,0.6464,
2.7929,2.9500,0.0000,0.0000,0.0000,-0.7860,0.6183,
2.7913,2.9433,0.0000,0.0000,0.0000,-0.7860,0.6183,
2.7896,2.9366,0.0000,0.0000,0.0000,-0.7860,0.6183,
2.7880,2.9299,0.0000,0.0000,0.0000,-0.7860,0.6183,
2.7864,2.9232,0.0000,0.0000,0.0000,-0.7860,0.6183,
2.7848,2.9165,0.0000,0.0000,0.0000,-0.7860,0.6183,
2.7831,2.9098,0.0000,0.0000,0.0000,-0.7860,0.6183,
2.7815,2.9031,0.0000,0.0000,0.0000,-0.7860,0.6183,
2.7799,2.8965,0.0000,0.0000,0.0000,-0.7860,0.6183,
2.7783,2.8898,0.0000,0.0000,0.0000,-0.7860,0.6183,
2.7767,2.8831,0.0000,0.0000,0.0000,-0.7860,0.6183,
2.7750,2.8764,0.0000,0.0000,0.0000,-0.7860,0.6183,
2.7734,2.8697,0.0000,0.0000,0.0000,-0.7860,0.6183,
2.7718,2.8630,0.0000,0.0000,0.0000,-0.7860,0.6183,
2.7686,2.8496,0.0000,0.0000,0.0000,-0.8341,0.5516,
2.7657,2.8429,0.0000,0.0000,0.0000,-0.8341,0.5516,
2.7628,2.8362,0.0000,0.0000,0.0000,-0.8341,0.5516,
2.7600,2.8294,0.0000,0.0000,0.0000,-0.8341,0.5516,
2.7571,2.8227,0.0000,0.0000,0.0000,-0.8341,0.5516,
2.7542,2.8160,0.0000,0.0000,0.0000,-0.8341,0.5516,
2.7514,2.8092,0.0000,0.0000,0.0000,-0.8341,0.5516,
2.7485,2.8025,0.0000,0.0000,0.0000,-0.8341,0.5516,
2.7428,2.7890,0.0000,0.0000,0.0000,-0.8690,0.4948,
2.7392,2.7830,0.0000,0.0000,0.0000,-0.8690,0.4948,
2.7357,2.7770,0.0000,0.0000,0.0000,-0.8690,0.4948,
2.7321,2.7710,0.0000,0.0000,0.0000,-0.8690,0.4948,
2.7285,2.7650,0.0000,0.0000,0.0000,-0.8690,0.4948,
2.7250,2.7590,0.0000,0.0000,0.0000,-0.8690,0.4948,
2.7214,2.7530,0.0000,0.0000,0.0000,-0.8690,0.4948,
2.7179,2.7471,0.0000,0.0000,0.0000,-0.8690,0.4948,
2.7143,2.7411,0.0000,0.0000,0.0000,-0.8690,0.4948,
2.7107,2.7351,0.0000,0.0000,0.0000,-0.8690,0.4948,
2.7036,2.7231,0.0000,0.0000,0.0000,-0.9480,0.3184,
2.6981,2.7189,0.0000,0.0000,0.0000,-0.9480,0.3184,
2.6926,2.7147,0.0000,0.0000,0.0000,-0.9480,0.3184,
2.6870,2.7105,0.0000,0.0000,0.0000,-0.9480,0.3184,
2.6815,2.7063,0.0000,0.0000,0.0000,-0.9480,0.3184,
2.6759,2.7021,0.0000,0.0000,0.0000,-0.9480,0.3184,
2.6704,2.6979,0.0000,0.0000,0.0000,-0.9480,0.3184,
2.6649,2.6937,0.0000,0.0000,0.0000,-0.9480,0.3184,
2.6538,2.6853,0.0000,0.0000,0.0000,-0.9876,0.1569,
2.6472,2.6832,0.0000,0.0000,0.0000,-0.9876,0.1569,
2.6406,2.6810,0.0000,0.0000,0.0000,-0.9876,0.1569,
2.6340,2.6789,0.0000,0.0000,0.0000,-0.9876,0.1569,
2.6274,2.6767,0.0000,0.0000,0.0000,-0.9876,0.1569,
2.6207,2.6746,0.0000,0.0000,0.0000,-0.9876,0.1569,
2.6141,2.6724,0.0000,0.0000,0.0000,-0.9876,0.1569,
2.6075,2.6703,0.0000,0.0000,0.0000,-0.9876,0.1569,
2.6009,2.6681,0.0000,0.0000,0.0000,-0.9876,0.1569,
2.5943,2.6660,0.0000,0.0000,0.0000,-0.9876,0.1569,
2.5811,2.6616,0.0000,0.0000,0.0000,1.0000,0.0038,
2.5742,2.6617,0.0000,0.0000,0.0000,1.0000,0.0038,
2.5674,2.6617,0.0000,0.0000,0.0000,1.0000,0.0038,
2.5605,2.6618,0.0000,0.0000,0.0000,1.0000,0.0038,
2.5536,2.6618,0.0000,0.0000,0.0000,1.0000,0.0038,
2.5468,2.6619,0.0000,0.0000,0.0000,1.0000,0.0038,
2.5399,2.6620,0.0000,0.0000,0.0000,1.0000,0.0038,
2.5331,2.6620,0.0000,0.0000,0.0000,1.0000,0.0038,
2.5262,2.6621,0.0000,0.0000,0.0000,1.0000,0.0038,
2.5193,2.6621,0.0000,0.0000,0.0000,1.0000,0.0038,
2.5125,2.6622,0.0000,0.0000,0.0000,1.0000,0.0038,
2.5056,2.6622,0.0000,0.0000,0.0000,1.0000,0.0038,
2.4988,2.6623,0.0000,0.0000,0.0000,1.0000,0.0038,
2.4919,2.6623,0.0000,0.0000,0.0000,1.0000,0.0038,
2.4850,2.6624,0.0000,0.0000,0.0000,1.0000,0.0038,
2.4782,2.6624,0.0000,0.0000,0.0000,1.0000,0.0038,
2.4713,2.6625,0.0000,0.0000,0.0000,1.0000,0.0038,
2.4645,2.6625,0.0000,0.0000,0.0000,1.0000,0.0038,
2.4576,2.6626,0.0000,0.0000,0.0000,1.0000,0.0038,
2.4507,2.6626,0.0000,0.0000,0.0000,1.0000,0.0038,
2.4439,2.6627,0.0000,0.0000,0.0000,1.0000,0.0038,
2.4370,2.6627,0.0000,0.0000,0.0000,1.0000,0.0038,
2.4302,2.6628,0.0000,0.0000,0.0000,1.0000,0.0038,
2.4233,2.6628,0.0000,0.0000,0.0000,1.0000,0.0038,
2.4165,2.6629,0.0000,0.0000,0.0000,1.0000,0.0038,
2.4096,2.6629,0.0000,0.0000,0.0000,1.0000,0.0038,
2.4027,2.6630,0.0000,0.0000,0.0000,1.0000,0.0038,
2.3890,2.6631,0.0000,0.0000,0.0000,-1.0000,0.0074,
2.3823,2.6630,0.0000,0.0000,0.0000,-1.0000,0.0074,
2.3756,2.6629,0.0000,0.0000,0.0000,-1.0000,0.0074,
2.3689,2.6628,0.0000,0.0000,0.0000,-1.0000,0.0074,
2.3622,2.6627,0.0000,0.0000,0.0000,-1.0000,0.0074,
2.3555,2.6626,0.0000,0.0000,0.0000,-1.0000,0.0074,
2.3488,2.6625,0.0000,0.0000,0.0000,-1.0000,0.0074,
2.3421,2.6624,0.0000,0.0000,0.0000,-1.0000,0.0074,
2.3354,2.6623,0.0000,0.0000,0.0000,-1.0000,0.0074,
2.3287,2.6622,0.0000,0.0000,0.0000,-1.0000,0.0074,
2.3220,2.6621,0.0000,0.0000,0.0000,-1.0000,0.0074,
2.3153,2.6620,0.0000,0.0000,0.0000,-1.0000,0.0074,
2.3086,2.6619,0.0000,0.0000,0.0000,-1.0000,0.0074,
2.3019,2.6618,0.0000,0.0000,0.0000,-1.0000,0.0074,
2.2952,2.6617,0.0000,0.0000,0.0000,-1.0000,0.0074,
2.2885,2.6616,0.0000,0.0000,0.0000,-1.0000,0.0074,
2.2818,2.6615,0.0000,0.0000,0.0000,-1.0000,0.0074,
2.2751,2.6614,0.0000,0.0000,0.0000,-1.0000,0.0074,
2.2684,2.6613,0.0000,0.0000,0.0000,-1.0000,0.0074,
2.2617,2.6612,0.0000,0.0000,0.0000,-1.0000,0.0074,
2.2550,2.6611,0.0000,0.0000,0.0000,-1.0000,0.0074,
2.2483,2.6610,0.0000,0.0000,0.0000,-1.0000,0.0074,
2.2416,2.6609,0.0000,0.0000,0.0000,-1.0000,0.0074,
2.2349,2.6608,0.0000,0.0000,0.0000,-1.0000,0.0074,
2.2283,2.6607,0.0000,0.0000,0.0000,-1.0000,0.0074,
2.2216,2.6606,0.0000,0.0000,0.0000,-1.0000,0.0074,
2.2149,2.6605,0.0000,0.0000,0.0000,-1.0000,0.0074,
2.2082,2.6604,0.0000,0.0000,0.0000,-1.0000,0.0074,
2.2015,2.6603,0.0000,0.0000,0.0000,-1.0000,0.0074,
2.1948,2.6602,0.0000,0.0000,0.0000,-1.0000,0.0074,
2.1881,2.6601,0.0000,0.0000,0.0000,-1.0000,0.0074,
2.1814,2.6600,0.0000,0.0000,0.0000,-1.0000,0.0074,
2.1747,2.6599,0.0000,0.0000,0.0000,-1.0000,0.0074,
2.1680,2.6598,0.0000,0.0000,0.0000,-1.0000,0.0074,
2.1613,2.6597,0.0000,0.0000,0.0000,-1.0000,0.0074,
2.1546,2.6596,0.0000,0.0000,0.0000,-1.0000,0.0074,
2.1479,2.6595,0.0000,0.0000,0.0000,-1.0000,0.0074,
2.1412,2.6594,0.0000,0.0000,0.0000,-1.0000,0.0074,
2.1345,2.6593,0.0000,0.0000,0.0000,-1.0000,0.0074,
2.1278,2.6592,0.0000,0.0000,0.0000,-1.0000,0.0074,
2.1211,2.6591,0.0000,0.0000,0.0000,-1.0000,0.0074,
2.1144,2.6590,0.0000,0.0000,0.0000,-1.0000,0.0074,
2.1077,2.6589,0.0000,0.0000,0.0000,-1.0000,0.0074,
2.1010,2.6588,0.0000,0.0000,0.0000,-1.0000,0.0074,
2.0943,2.6587,0.0000,0.0000,0.0000,-1.0000,0.0074,
2.0876,2.6586,0.0000,0.0000,0.0000,-1.0000,0.0074,
2.0809,2.6585,0.0000,0.0000,0.0000,-1.0000,0.0074,
2.0742,2.6584,0.0000,0.0000,0.0000,-1.0000,0.0074,
2.0675,2.6583,0.0000,0.0000,0.0000,-1.0000,0.0074,
2.0608,2.6582,0.0000,0.0000,0.0000,-1.0000,0.0074,
2.0541,2.6581,0.0000,0.0000,0.0000,-1.0000,0.0074,
2.0474,2.6580,0.0000,0.0000,0.0000,-1.0000,0.0074,
2.0407,2.6579,0.0000,0.0000,0.0000,-1.0000,0.0074,
2.0340,2.6578,0.0000,0.0000,0.0000,-1.0000,0.0074,
2.0273,2.6577,0.0000,0.0000,0.0000,-1.0000,0.0074,
2.0206,2.6576,0.0000,0.0000,0.0000,-1.0000,0.0074,
2.0139,2.6575,0.0000,0.0000,0.0000,-1.0000,0.0074,
2.0072,2.6574,0.0000,0.0000,0.0000,-1.0000,0.0074,
2.0005,2.6573,0.0000,0.0000,0.0000,-1.0000,0.0074,
1.9938,2.6572,0.0000,0.0000,0.0000,-1.0000,0.0074,
1.9871,2.6571,0.0000,0.0000,0.0000,-1.0000,0.0074,
1.9804,2.6570,0.0000,0.0000,0.0000,-1.0000,0.0074,
1.9737,2.6569,0.0000,0.0000,0.0000,-1.0000,0.0074,
1.9670,2.6568,0.0000,0.0000,0.0000,-1.0000,0.0074,
1.9603,2.6568,0.0000,0.0000,0.0000,-1.0000,0.0074,
1.9536,2.6567,0.0000,0.0000,0.0000,-1.0000,0.0074,
1.9469,2.6566,0.0000,0.0000,0.0000,-1.0000,0.0074,
1.9402,2.6565,0.0000,0.0000,0.0000,-1.0000,0.0074,
1.9335,2.6564,0.0000,0.0000,0.0000,-1.0000,0.0074,
1.9268,2.6563,0.0000,0.0000,0.0000,-1.0000,0.0074,
1.9201,2.6562,0.0000,0.0000,0.0000,-1.0000,0.0074,
1.9134,2.6561,0.0000,0.0000,0.0000,-1.0000,0.0074,
1.9067,2.6560,0.0000,0.0000,0.0000,-1.0000,0.0074,
1.9000,2.6559,0.0000,0.0000,0.0000,-1.0000,0.0074,
1.8933,2.6558,0.0000,0.0000,0.0000,-1.0000,0.0074,
1.8866,2.6557,0.0000,0.0000,0.0000,-1.0000,0.0074,
1.8799,2.6556,0.0000,0.0000,0.0000,-1.0000,0.0074,
1.8732,2.6555,0.0000,0.0000,0.0000,-1.0000,0.0074,
1.8665,2.6554,0.0000,0.0000,0.0000,-1.0000,0.0074,
1.8598,2.6553,0.0000,0.0000,0.0000,-1.0000,0.0074,
1.8531,2.6552,0.0000,0.0000,0.0000,-1.0000,0.0074,
1.8464,2.6551,0.0000,0.0000,0.0000,-1.0000,0.0074,
1.8397,2.6550,0.0000,0.0000,0.0000,-1.0000,0.0074,
1.8330,2.6549,0.0000,0.0000,0.0000,-1.0000,0.0074,
1.8263,2.6548,0.0000,0.0000,0.0000,-1.0000,0.0074,
1.8196,2.6547,0.0000,0.0000,0.0000,-1.0000,0.0074,
1.8129,2.6546,0.0000,0.0000,0.0000,-1.0000,0.0074,
1.8062,2.6545,0.0000,0.0000,0.0000,-1.0000,0.0074,
1.7996,2.6544,0.0000,0.0000,0.0000,-1.0000,0.0074,
1.7929,2.6543,0.0000,0.0000,0.0000,-1.0000,0.0074,
1.7862,2.6542,0.0000,0.0000,0.0000,-1.0000,0.0074,
1.7795,2.6541,0.0000,0.0000,0.0000,-1.0000,0.0074,
1.7728,2.6540,0.0000,0.0000,0.0000,-1.0000,0.0074,
1.7661,2.6539,0.0000,0.0000,0.0000,-1.0000,0.0074,
1.7594,2.6538,0.0000,0.0000,0.0000,-1.0000,0.0074,
1.7527,2.6537,0.0000,0.0000,0.0000,-1.0000,0.0074,
1.7460,2.6536,0.0000,0.0000,0.0000,-1.0000,0.0074,
1.7393,2.6535,0.0000,0.0000,0.0000,-1.0000,0.0074,
1.7326,2.6534,0.0000,0.0000,0.0000,-1.0000,0.0074,
1.7259,2.6533,0.0000,0.0000,0.0000,-1.0000,0.0074,
1.7192,2.6532,0.0000,0.0000,0.0000,-1.0000,0.0074,
1.7125,2.6531,0.0000,0.0000,0.0000,-1.0000,0.0074,
1.7058,2.6530,0.0000,0.0000,0.0000,-1.0000,0.0074,
1.6991,2.6529,0.0000,0.0000,0.0000,-1.0000,0.0074,
1.6924,2.6528,0.0000,0.0000,0.0000,-1.0000,0.0074,
1.6857,2.6527,0.0000,0.0000,0.0000,-1.0000,0.0074,
1.6790,2.6526,0.0000,0.0000,0.0000,-1.0000,0.0074,
1.6656,2.6524,0.0000,0.0000,0.0000,-0.9911,0.1331,
1.6589,2.6506,0.0000,0.0000,0.0000,-0.9911,0.1331,
1.6522,2.6487,0.0000,0.0000,0.0000,-0.9911,0.1331,
1.6455,2.6469,0.0000,0.0000,0.0000,-0.9911,0.1331,
1.6388,2.6451,0.0000,0.0000,0.0000,-0.9911,0.1331,
1.6321,2.6432,0.0000,0.0000,0.0000,-0.9911,0.1331,
1.6253,2.6414,0.0000,0.0000,0.0000,-0.9911,0.1331,
1.6186,2.6395,0.0000,0.0000,0.0000,-0.9911,0.1331,
1.6119,2.6377,0.0000,0.0000,0.0000,-0.9911,0.1331,
1.6052,2.6359,0.0000,0.0000,0.0000,-0.9911,0.1331,
1.5918,2.6322,0.0000,0.0000,0.0000,-0.9827,0.1850,
1.5851,2.6296,0.0000,0.0000,0.0000,-0.9827,0.1850,
1.5785,2.6270,0.0000,0.0000,0.0000,-0.9827,0.1850,
1.5718,2.6244,0.0000,0.0000,0.0000,-0.9827,0.1850,
1.5651,2.6218,0.0000,0.0000,0.0000,-0.9827,0.1850,
1.5584,2.6192,0.0000,0.0000,0.0000,-0.9827,0.1850,
1.5518,2.6166,0.0000,0.0000,0.0000,-0.9827,0.1850,
1.5451,2.6140,0.0000,0.0000,0.0000,-0.9827,0.1850,
1.5384,2.6114,0.0000,0.0000,0.0000,-0.9827,0.1850,
1.5317,2.6088,0.0000,0.0000,0.0000,-0.9827,0.1850,
1.5251,2.6062,0.0000,0.0000,0.0000,-0.9827,0.1850,
1.5117,2.6009,0.0000,0.0000,0.0000,-0.9499,0.3124,
1.5063,2.5970,0.0000,0.0000,0.0000,-0.9499,0.3124,
1.5009,2.5930,0.0000,0.0000,0.0000,-0.9499,0.3124,
1.4955,2.5890,0.0000,0.0000,0.0000,-0.9499,0.3124,
1.4901,2.5850,0.0000,0.0000,0.0000,-0.9499,0.3124,
1.4847,2.5811,0.0000,0.0000,0.0000,-0.9499,0.3124,
1.4793,2.5771,0.0000,0.0000,0.0000,-0.9499,0.3124,
1.4740,2.5731,0.0000,0.0000,0.0000,-0.9499,0.3124,
1.4686,2.5691,0.0000,0.0000,0.0000,-0.9499,0.3124,
1.4632,2.5651,0.0000,0.0000,0.0000,-0.9499,0.3124,
1.4524,2.5572,0.0000,0.0000,0.0000,-0.8736,0.4866,
1.4487,2.5512,0.0000,0.0000,0.0000,-0.8736,0.4866,
1.4449,2.5451,0.0000,0.0000,0.0000,-0.8736,0.4866,
1.4412,2.5391,0.0000,0.0000,0.0000,-0.8736,0.4866,
1.4375,2.5331,0.0000,0.0000,0.0000,-0.8736,0.4866,
1.4337,2.5270,0.0000,0.0000,0.0000,-0.8736,0.4866,
1.4300,2.5210,0.0000,0.0000,0.0000,-0.8736,0.4866,
1.4262,2.5150,0.0000,0.0000,0.0000,-0.8736,0.4866,
1.4225,2.5089,0.0000,0.0000,0.0000,-0.8736,0.4866,
1.4188,2.5029,0.0000,0.0000,0.0000,-0.8736,0.4866,
1.4150,2.4969,0.0000,0.0000,0.0000,-0.8736,0.4866,
1.4113,2.4908,0.0000,0.0000,0.0000,-0.8736,0.4866,
1.4076,2.4848,0.0000,0.0000,0.0000,-0.8736,0.4866,
1.4038,2.4788,0.0000,0.0000,0.0000,-0.8736,0.4866,
1.3964,2.4667,0.0000,0.0000,0.0000,-0.7811,0.6244,
1.3949,2.4601,0.0000,0.0000,0.0000,-0.7811,0.6244,
1.3934,2.4535,0.0000,0.0000,0.0000,-0.7811,0.6244,
1.3919,2.4469,0.0000,0.0000,0.0000,-0.7811,0.6244,
1.3904,2.4403,0.0000,0.0000,0.0000,-0.7811,0.6244,
1.3889,2.4337,0.0000,0.0000,0.0000,-0.7811,0.6244,
1.3874,2.4270,0.0000,0.0000,0.0000,-0.7811,0.6244,
1.3859,2.4204,0.0000,0.0000,0.0000,-0.7811,0.6244,
1.3844,2.4138,0.0000,0.0000,0.0000,-0.7811,0.6244,
1.3829,2.4072,0.0000,0.0000,0.0000,-0.7811,0.6244,
1.3815,2.4006,0.0000,0.0000,0.0000,-0.7811,0.6244,
1.3800,2.3940,0.0000,0.0000,0.0000,-0.7811,0.6244,
1.3785,2.3874,0.0000,0.0000,0.0000,-0.7811,0.6244,
1.3770,2.3807,0.0000,0.0000,0.0000,-0.7811,0.6244,
1.3755,2.3741,0.0000,0.0000,0.0000,-0.7811,0.6244,
1.3740,2.3675,0.0000,0.0000,0.0000,-0.7811,0.6244,
1.3725,2.3609,0.0000,0.0000,0.0000,-0.7811,0.6244,
1.3710,2.3543,0.0000,0.0000,0.0000,-0.7811,0.6244,
1.3695,2.3477,0.0000,0.0000,0.0000,-0.7811,0.6244,
1.3680,2.3411,0.0000,0.0000,0.0000,-0.7811,0.6244,
1.3665,2.3345,0.0000,0.0000,0.0000,-0.7811,0.6244,
1.3650,2.3278,0.0000,0.0000,0.0000,-0.7811,0.6244,
1.3620,2.3146,0.0000,0.0000,0.0000,-0.7354,0.6776,
1.3615,2.3078,0.0000,0.0000,0.0000,-0.7354,0.6776,
1.3609,2.3009,0.0000,0.0000,0.0000,-0.7354,0.6776,
1.3604,2.2940,0.0000,0.0000,0.0000,-0.7354,0.6776,
1.3598,2.2872,0.0000,0.0000,0.0000,-0.7354,0.6776,
1.3592,2.2803,0.0000,0.0000,0.0000,-0.7354,0.6776,
1.3587,2.2735,0.0000,0.0000,0.0000,-0.7354,0.6776,
1.3581,2.2666,0.0000,0.0000,0.0000,-0.7354,0.6776,
1.3575,2.2597,0.0000,0.0000,0.0000,-0.7354,0.6776,
1.3570,2.2529,0.0000,0.0000,0.0000,-0.7354,0.6776,
1.3564,2.2460,0.0000,0.0000,0.0000,-0.7354,0.6776,
1.3559,2.2392,0.0000,0.0000,0.0000,-0.7354,0.6776,
1.3553,2.2323,0.0000,0.0000,0.0000,-0.7354,0.6776,
1.3547,2.2255,0.0000,0.0000,0.0000,-0.7354,0.6776,
1.3542,2.2186,0.0000,0.0000,0.0000,-0.7354,0.6776,
1.3536,2.2117,0.0000,0.0000,0.0000,-0.7354,0.6776,
1.3530,2.2049,0.0000,0.0000,0.0000,-0.7354,0.6776,
1.3525,2.1980,0.0000,0.0000,0.0000,-0.7354,0.6776,
1.3519,2.1912,0.0000,0.0000,0.0000,-0.7354,0.6776,
1.3514,2.1843,0.0000,0.0000,0.0000,-0.7354,0.6776,
1.3508,2.1775,0.0000,0.0000,0.0000,-0.7354,0.6776,
1.3502,2.1706,0.0000,0.0000,0.0000,-0.7354,0.6776,
1.3497,2.1637,0.0000,0.0000,0.0000,-0.7354,0.6776,
1.3491,2.1569,0.0000,0.0000,0.0000,-0.7354,0.6776,
1.3485,2.1500,0.0000,0.0000,0.0000,-0.7354,0.6776,
1.3480,2.1432,0.0000,0.0000,0.0000,-0.7354,0.6776,
1.3474,2.1363,0.0000,0.0000,0.0000,-0.7354,0.6776,
1.3469,2.1295,0.0000,0.0000,0.0000,-0.7354,0.6776,
1.3457,2.1157,0.0000,0.0000,0.0000,-0.7073,0.7069,
1.3457,2.1090,0.0000,0.0000,0.0000,-0.7073,0.7069,
1.3457,2.1023,0.0000,0.0000,0.0000,-0.7073,0.7069,
1.3457,2.0956,0.0000,0.0000,0.0000,-0.7073,0.7069,
1.3457,2.0889,0.0000,0.0000,0.0000,-0.7073,0.7069,
1.3457,2.0822,0.0000,0.0000,0.0000,-0.7073,0.7069,
1.3457,2.0755,0.0000,0.0000,0.0000,-0.7073,0.7069,
1.3457,2.0688,0.0000,0.0000,0.0000,-0.7073,0.7069,
1.3457,2.0621,0.0000,0.0000,0.0000,-0.7073,0.7069,
1.3457,2.0554,0.0000,0.0000,0.0000,-0.7073,0.7069,
1.3457,2.0487,0.0000,0.0000,0.0000,-0.7073,0.7069,
1.3457,2.0420,0.0000,0.0000,0.0000,-0.7073,0.7069,
1.3457,2.0353,0.0000,0.0000,0.0000,-0.7073,0.7069,
1.3457,2.0286,0.0000,0.0000,0.0000,-0.7073,0.7069,
1.3457,2.0219,0.0000,0.0000,0.0000,-0.7073,0.7069,
1.3457,2.0152,0.0000,0.0000,0.0000,-0.7073,0.7069,
1.3457,2.0085,0.0000,0.0000,0.0000,-0.7073,0.7069,
1.3457,2.0018,0.0000,0.0000,0.0000,-0.7073,0.7069,
1.3457,1.9951,0.0000,0.0000,0.0000,-0.7073,0.7069,
1.3457,1.9884,0.0000,0.0000,0.0000,-0.7073,0.7069,
1.3457,1.9817,0.0000,0.0000,0.0000,-0.7073,0.7069,
1.3456,1.9750,0.0000,0.0000,0.0000,-0.7073,0.7069,
1.3456,1.9682,0.0000,0.0000,0.0000,-0.7073,0.7069,
1.3456,1.9615,0.0000,0.0000,0.0000,-0.7073,0.7069,
1.3456,1.9548,0.0000,0.0000,0.0000,-0.7073,0.7069,
1.3456,1.9481,0.0000,0.0000,0.0000,-0.7073,0.7069,
1.3456,1.9414,0.0000,0.0000,0.0000,-0.7073,0.7069,
1.3456,1.9347,0.0000,0.0000,0.0000,-0.7073,0.7069,
1.3456,1.9280,0.0000,0.0000,0.0000,-0.7073,0.7069,
1.3456,1.9213,0.0000,0.0000,0.0000,-0.7073,0.7069,
1.3456,1.9146,0.0000,0.0000,0.0000,-0.7073,0.7069,
1.3456,1.9079,0.0000,0.0000,0.0000,-0.7073,0.7069,
1.3456,1.9012,0.0000,0.0000,0.0000,-0.7073,0.7069,
1.3456,1.8945,0.0000,0.0000,0.0000,-0.7073,0.7069,
1.3456,1.8878,0.0000,0.0000,0.0000,-0.7073,0.7069,
1.3456,1.8811,0.0000,0.0000,0.0000,-0.7073,0.7069,
1.3456,1.8744,0.0000,0.0000,0.0000,-0.7073,0.7069,
1.3456,1.8677,0.0000,0.0000,0.0000,-0.7073,0.7069,
1.3456,1.8610,0.0000,0.0000,0.0000,-0.7073,0.7069,
1.3456,1.8543,0.0000,0.0000,0.0000,-0.7073,0.7069,
1.3456,1.8476,0.0000,0.0000,0.0000,-0.7073,0.7069,
1.3456,1.8409,0.0000,0.0000,0.0000,-0.7073,0.7069,
1.3456,1.8342,0.0000,0.0000,0.0000,-0.7073,0.7069,
1.3455,1.8275,0.0000,0.0000,0.0000,-0.7073,0.7069,
1.3455,1.8207,0.0000,0.0000,0.0000,-0.7073,0.7069,
1.3455,1.8140,0.0000,0.0000,0.0000,-0.7073,0.7069,
1.3455,1.8073,0.0000,0.0000,0.0000,-0.7073,0.7069,
1.3455,1.8006,0.0000,0.0000,0.0000,-0.7073,0.7069,
1.3455,1.7939,0.0000,0.0000,0.0000,-0.7073,0.7069,
1.3455,1.7872,0.0000,0.0000,0.0000,-0.7073,0.7069,
1.3455,1.7805,0.0000,0.0000,0.0000,-0.7073,0.7069,
1.3455,1.7738,0.0000,0.0000,0.0000,-0.7073,0.7069,
1.3455,1.7671,0.0000,0.0000,0.0000,-0.7073,0.7069,
1.3455,1.7604,0.0000,0.0000,0.0000,-0.7073,0.7069,
1.3455,1.7537,0.0000,0.0000,0.0000,-0.7073,0.7069,
1.3455,1.7470,0.0000,0.0000,0.0000,-0.7073,0.7069,
1.3455,1.7403,0.0000,0.0000,0.0000,-0.7073,0.7069,
1.3455,1.7336,0.0000,0.0000,0.0000,-0.7073,0.7069,
1.3455,1.7269,0.0000,0.0000,0.0000,-0.7073,0.7069,
1.3455,1.7202,0.0000,0.0000,0.0000,-0.7073,0.7069,
1.3455,1.7135,0.0000,0.0000,0.0000,-0.7073,0.7069,
1.3455,1.7068,0.0000,0.0000,0.0000,-0.7073,0.7069,
1.3455,1.7001,0.0000,0.0000,0.0000,-0.7073,0.7069,
1.3455,1.6934,0.0000,0.0000,0.0000,-0.7073,0.7069,
1.3455,1.6867,0.0000,0.0000,0.0000,-0.7073,0.7069,
1.3455,1.6800,0.0000,0.0000,0.0000,-0.7073,0.7069,
1.3454,1.6733,0.0000,0.0000,0.0000,-0.7073,0.7069,
1.3454,1.6665,0.0000,0.0000,0.0000,-0.7073,0.7069,
1.3454,1.6598,0.0000,0.0000,0.0000,-0.7073,0.7069,
1.3454,1.6531,0.0000,0.0000,0.0000,-0.7073,0.7069,
1.3454,1.6464,0.0000,0.0000,0.0000,-0.7073,0.7069,
1.3454,1.6397,0.0000,0.0000,0.0000,-0.7073,0.7069,
1.3454,1.6330,0.0000,0.0000,0.0000,-0.7073,0.7069,
1.3454,1.6263,0.0000,0.0000,0.0000,-0.7073,0.7069,
1.3454,1.6196,0.0000,0.0000,0.0000,-0.7073,0.7069,
1.3454,1.6129,0.0000,0.0000,0.0000,-0.7073,0.7069,
1.3454,1.6062,0.0000,0.0000,0.0000,-0.7073,0.7069,
1.3454,1.5995,0.0000,0.0000,0.0000,-0.7073,0.7069,
1.3454,1.5928,0.0000,0.0000,0.0000,-0.7073,0.7069,
1.3454,1.5861,0.0000,0.0000,0.0000,-0.7073,0.7069,
1.3454,1.5794,0.0000,0.0000,0.0000,-0.7073,0.7069,
1.3454,1.5727,0.0000,0.0000,0.0000,-0.7073,0.7069,
1.3454,1.5660,0.0000,0.0000,0.0000,-0.7073,0.7069,
1.3454,1.5593,0.0000,0.0000,0.0000,-0.7073,0.7069,
1.3454,1.5526,0.0000,0.0000,0.0000,-0.7073,0.7069,
1.3454,1.5459,0.0000,0.0000,0.0000,-0.7073,0.7069,
1.3454,1.5392,0.0000,0.0000,0.0000,-0.7073,0.7069,
1.3454,1.5325,0.0000,0.0000,0.0000,-0.7073,0.7069,
1.3454,1.5258,0.0000,0.0000,0.0000,-0.7073,0.7069,
1.3453,1.5191,0.0000,0.0000,0.0000,-0.7073,0.7069,
1.3453,1.5056,0.0000,0.0000,0.0000,-0.5999,0.8001,
1.3472,1.4991,0.0000,0.0000,0.0000,-0.5999,0.8001,
1.3491,1.4926,0.0000,0.0000,0.0000,-0.5999,0.8001,
1.3511,1.4861,0.0000,0.0000,0.0000,-0.5999,0.8001,
1.3530,1.4796,0.0000,0.0000,0.0000,-0.5999,0.8001,
1.3549,1.4730,0.0000,0.0000,0.0000,-0.5999,0.8001,
1.3568,1.4665,0.0000,0.0000,0.0000,-0.5999,0.8001,
1.3587,1.4600,0.0000,0.0000,0.0000,-0.5999,0.8001,
1.3606,1.4535,0.0000,0.0000,0.0000,-0.5999,0.8001,
1.3625,1.4470,0.0000,0.0000,0.0000,-0.5999,0.8001,
1.3644,1.4404,0.0000,0.0000,0.0000,-0.5999,0.8001,
1.3682,1.4274,0.0000,0.0000,0.0000,-0.4889,0.8723,
1.3719,1.4213,0.0000,0.0000,0.0000,-0.4889,0.8723,
1.3757,1.4152,0.0000,0.0000,0.0000,-0.4889,0.8723,
1.3794,1.4090,0.0000,0.0000,0.0000,-0.4889,0.8723,
1.3832,1.4029,0.0000,0.0000,0.0000,-0.4889,0.8723,
1.3869,1.3968,0.0000,0.0000,0.0000,-0.4889,0.8723,
1.3907,1.3907,0.0000,0.0000,0.0000,-0.4889,0.8723,
1.3944,1.3846,0.0000,0.0000,0.0000,-0.4889,0.8723,
1.3981,1.3784,0.0000,0.0000,0.0000,-0.4889,0.8723,
1.4019,1.3723,0.0000,0.0000,0.0000,-0.4889,0.8723,
1.4056,1.3662,0.0000,0.0000,0.0000,-0.4889,0.8723,
1.4131,1.3540,0.0000,0.0000,0.0000,-0.3435,0.9391,
1.4183,1.3496,0.0000,0.0000,0.0000,-0.3435,0.9391,
1.4234,1.3453,0.0000,0.0000,0.0000,-0.3435,0.9391,
1.4286,1.3409,0.0000,0.0000,0.0000,-0.3435,0.9391,
1.4337,1.3366,0.0000,0.0000,0.0000,-0.3435,0.9391,
1.4389,1.3322,0.0000,0.0000,0.0000,-0.3435,0.9391,
1.4440,1.3279,0.0000,0.0000,0.0000,-0.3435,0.9391,
1.4492,1.3235,0.0000,0.0000,0.0000,-0.3435,0.9391,
1.4543,1.3192,0.0000,0.0000,0.0000,-0.3435,0.9391,
1.4595,1.3148,0.0000,0.0000,0.0000,-0.3435,0.9391,
1.4646,1.3104,0.0000,0.0000,0.0000,-0.3435,0.9391,
1.4698,1.3061,0.0000,0.0000,0.0000,-0.3435,0.9391,
1.4750,1.3017,0.0000,0.0000,0.0000,-0.3435,0.9391,
1.4801,1.2974,0.0000,0.0000,0.0000,-0.3435,0.9391,
1.4904,1.2887,0.0000,0.0000,0.0000,-0.1937,0.9811,
1.4969,1.2860,0.0000,0.0000,0.0000,-0.1937,0.9811,
1.5033,1.2834,0.0000,0.0000,0.0000,-0.1937,0.9811,
1.5098,1.2807,0.0000,0.0000,0.0000,-0.1937,0.9811,
1.5162,1.2781,0.0000,0.0000,0.0000,-0.1937,0.9811,
1.5227,1.2754,0.0000,0.0000,0.0000,-0.1937,0.9811,
1.5291,1.2728,0.0000,0.0000,0.0000,-0.1937,0.9811,
1.5356,1.2701,0.0000,0.0000,0.0000,-0.1937,0.9811,
1.5420,1.2675,0.0000,0.0000,0.0000,-0.1937,0.9811,
1.5485,1.2648,0.0000,0.0000,0.0000,-0.1937,0.9811,
1.5549,1.2622,0.0000,0.0000,0.0000,-0.1937,0.9811,
1.5614,1.2595,0.0000,0.0000,0.0000,-0.1937,0.9811,
1.5678,1.2569,0.0000,0.0000,0.0000,-0.1937,0.9811,
1.5743,1.2542,0.0000,0.0000,0.0000,-0.1937,0.9811,
1.5807,1.2516,0.0000,0.0000,0.0000,-0.1937,0.9811,
1.5872,1.2489,0.0000,0.0000,0.0000,-0.1937,0.9811,
1.5936,1.2463,0.0000,0.0000,0.0000,-0.1937,0.9811,
1.6001,1.2436,0.0000,0.0000,0.0000,-0.1937,0.9811,
1.6065,1.2410,0.0000,0.0000,0.0000,-0.1937,0.9811,
1.6194,1.2357,0.0000,0.0000,0.0000,-0.0710,0.9975,
1.6261,1.2347,0.0000,0.0000,0.0000,-0.0710,0.9975,
1.6328,1.2337,0.0000,0.0000,0.0000,-0.0710,0.9975,
1.6395,1.2328,0.0000,0.0000,0.0000,-0.0710,0.9975,
1.6463,1.2318,0.0000,0.0000,0.0000,-0.0710,0.9975,
1.6530,1.2309,0.0000,0.0000,0.0000,-0.0710,0.9975,
1.6597,1.2299,0.0000,0.0000,0.0000,-0.0710,0.9975,
1.6664,1.2289,0.0000,0.0000,0.0000,-0.0710,0.9975,
1.6731,1.2280,0.0000,0.0000,0.0000,-0.0710,0.9975,
1.6798,1.2270,0.0000,0.0000,0.0000,-0.0710,0.9975,
1.6865,1.2261,0.0000,0.0000,0.0000,-0.0710,0.9975,
1.6932,1.2251,0.0000,0.0000,0.0000,-0.0710,0.9975,
1.6999,1.2242,0.0000,0.0000,0.0000,-0.0710,0.9975,
1.7067,1.2232,0.0000,0.0000,0.0000,-0.0710,0.9975,
1.7134,1.2222,0.0000,0.0000,0.0000,-0.0710,0.9975,
1.7201,1.2213,0.0000,0.0000,0.0000,-0.0710,0.9975,
1.7268,1.2203,0.0000,0.0000,0.0000,-0.0710,0.9975,
1.7335,1.2194,0.0000,0.0000,0.0000,-0.0710,0.9975,
1.7402,1.2184,0.0000,0.0000,0.0000,-0.0710,0.9975,
1.7469,1.2174,0.0000,0.0000,0.0000,-0.0710,0.9975,
1.7536,1.2165,0.0000,0.0000,0.0000,-0.0710,0.9975,
1.7603,1.2155,0.0000,0.0000,0.0000,-0.0710,0.9975,
1.7670,1.2146,0.0000,0.0000,0.0000,-0.0710,0.9975,
1.7738,1.2136,0.0000,0.0000,0.0000,-0.0710,0.9975,
1.7805,1.2126,0.0000,0.0000,0.0000,-0.0710,0.9975,
1.7872,1.2117,0.0000,0.0000,0.0000,-0.0710,0.9975,
1.7939,1.2107,0.0000,0.0000,0.0000,-0.0710,0.9975,
1.8006,1.2098,0.0000,0.0000,0.0000,-0.0710,0.9975,
1.8073,1.2088,0.0000,0.0000,0.0000,-0.0710,0.9975,
1.8207,1.2069,0.0000,0.0000,0.0000,-0.0047,1.0000,
1.8274,1.2068,0.0000,0.0000,0.0000,-0.0047,1.0000,
1.8341,1.2068,0.0000,0.0000,0.0000,-0.0047,1.0000,
1.8407,1.2067,0.0000,0.0000,0.0000,-0.0047,1.0000,
1.8474,1.2066,0.0000,0.0000,0.0000,-0.0047,1.0000,
1.8541,1.2066,0.0000,0.0000,0.0000,-0.0047,1.0000,
1.8608,1.2065,0.0000,0.0000,0.0000,-0.0047,1.0000,
1.8674,1.2064,0.0000,0.0000,0.0000,-0.0047,1.0000,
1.8741,1.2064,0.0000,0.0000,0.0000,-0.0047,1.0000,
1.8808,1.2063,0.0000,0.0000,0.0000,-0.0047,1.0000,
1.8874,1.2063,0.0000,0.0000,0.0000,-0.0047,1.0000,
1.8941,1.2062,0.0000,0.0000,0.0000,-0.0047,1.0000,
1.9008,1.2061,0.0000,0.0000,0.0000,-0.0047,1.0000,
1.9074,1.2061,0.0000,0.0000,0.0000,-0.0047,1.0000,
1.9141,1.2060,0.0000,0.0000,0.0000,-0.0047,1.0000,
1.9208,1.2059,0.0000,0.0000,0.0000,-0.0047,1.0000,
1.9275,1.2059,0.0000,0.0000,0.0000,-0.0047,1.0000,
1.9341,1.2058,0.0000,0.0000,0.0000,-0.0047,1.0000,
1.9408,1.2058,0.0000,0.0000,0.0000,-0.0047,1.0000,
1.9475,1.2057,0.0000,0.0000,0.0000,-0.0047,1.0000,
1.9541,1.2056,0.0000,0.0000,0.0000,-0.0047,1.0000,
1.9608,1.2056,0.0000,0.0000,0.0000,-0.0047,1.0000,
1.9675,1.2055,0.0000,0.0000,0.0000,-0.0047,1.0000,
1.9742,1.2054,0.0000,0.0000,0.0000,-0.0047,1.0000,
1.9808,1.2054,0.0000,0.0000,0.0000,-0.0047,1.0000,
1.9875,1.2053,0.0000,0.0000,0.0000,-0.0047,1.0000,
1.9942,1.2053,0.0000,0.0000,0.0000,-0.0047,1.0000,
2.0008,1.2052,0.0000,0.0000,0.0000,-0.0047,1.0000,
2.0075,1.2051,0.0000,0.0000,0.0000,-0.0047,1.0000,
2.0142,1.2051,0.0000,0.0000,0.0000,-0.0047,1.0000,
2.0208,1.2050,0.0000,0.0000,0.0000,-0.0047,1.0000,
2.0275,1.2049,0.0000,0.0000,0.0000,-0.0047,1.0000,
2.0342,1.2049,0.0000,0.0000,0.0000,-0.0047,1.0000,
2.0409,1.2048,0.0000,0.0000,0.0000,-0.0047,1.0000,
2.0475,1.2048,0.0000,0.0000,0.0000,-0.0047,1.0000,
2.0542,1.2047,0.0000,0.0000,0.0000,-0.0047,1.0000,
2.0609,1.2046,0.0000,0.0000,0.0000,-0.0047,1.0000,
2.0675,1.2046,0.0000,0.0000,0.0000,-0.0047,1.0000,
2.0742,1.2045,0.0000,0.0000,0.0000,-0.0047,1.0000,
2.0809,1.2044,0.0000,0.0000,0.0000,-0.0047,1.0000,
2.0875,1.2044,0.0000,0.0000,0.0000,-0.0047,1.0000,
2.0942,1.2043,0.0000,0.0000,0.0000,-0.0047,1.0000,
2.1009,1.2043,0.0000,0.0000,0.0000,-0.0047,1.0000,
2.1076,1.2042,0.0000,0.0000,0.0000,-0.0047,1.0000,
2.1142,1.2041,0.0000,0.0000,0.0000,-0.0047,1.0000,
2.1209,1.2041,0.0000,0.0000,0.0000,-0.0047,1.0000,
2.1276,1.2040,0.0000,0.0000,0.0000,-0.0047,1.0000,
2.1342,1.2040,0.0000,0.0000,0.0000,-0.0047,1.0000,
2.1409,1.2039,0.0000,0.0000,0.0000,-0.0047,1.0000,
2.1476,1.2038,0.0000,0.0000,0.0000,-0.0047,1.0000,
2.1543,1.2038,0.0000,0.0000,0.0000,-0.0047,1.0000,
2.1609,1.2037,0.0000,0.0000,0.0000,-0.0047,1.0000,
2.1676,1.2036,0.0000,0.0000,0.0000,-0.0047,1.0000,
2.1743,1.2036,0.0000,0.0000,0.0000,-0.0047,1.0000,
2.1809,1.2035,0.0000,0.0000,0.0000,-0.0047,1.0000,
2.1876,1.2035,0.0000,0.0000,0.0000,-0.0047,1.0000,
2.1943,1.2034,0.0000,0.0000,0.0000,-0.0047,1.0000,
2.2009,1.2033,0.0000,0.0000,0.0000,-0.0047,1.0000,
2.2076,1.2033,0.0000,0.0000,0.0000,-0.0047,1.0000,
2.2143,1.2032,0.0000,0.0000,0.0000,-0.0047,1.0000,
2.2210,1.2031,0.0000,0.0000,0.0000,-0.0047,1.0000,
2.2276,1.2031,0.0000,0.0000,0.0000,-0.0047,1.0000,
2.2343,1.2030,0.0000,0.0000,0.0000,-0.0047,1.0000,
2.2410,1.2030,0.0000,0.0000,0.0000,-0.0047,1.0000,
2.2476,1.2029,0.0000,0.0000,0.0000,-0.0047,1.0000,
2.2543,1.2028,0.0000,0.0000,0.0000,-0.0047,1.0000,
2.2610,1.2028,0.0000,0.0000,0.0000,-0.0047,1.0000,
2.2676,1.2027,0.0000,0.0000,0.0000,-0.0047,1.0000,
2.2743,1.2026,0.0000,0.0000,0.0000,-0.0047,1.0000,
2.2810,1.2026,0.0000,0.0000,0.0000,-0.0047,1.0000,
2.2877,1.2025,0.0000,0.0000,0.0000,-0.0047,1.0000,
2.2943,1.2025,0.0000,0.0000,0.0000,-0.0047,1.0000,
2.3010,1.2024,0.0000,0.0000,0.0000,-0.0047,1.0000,
2.3077,1.2023,0.0000,0.0000,0.0000,-0.0047,1.0000,
2.3143,1.2023,0.0000,0.0000,0.0000,-0.0047,1.0000,
2.3210,1.2022,0.0000,0.0000,0.0000,-0.0047,1.0000,
2.3277,1.2021,0.0000,0.0000,0.0000,-0.0047,1.0000,
2.3343,1.2021,0.0000,0.0000,0.0000,-0.0047,1.0000,
2.3410,1.2020,0.0000,0.0000,0.0000,-0.0047,1.0000,
2.3477,1.2020,0.0000,0.0000,0.0000,-0.0047,1.0000,
2.3544,1.2019,0.0000,0.0000,0.0000,-0.0047,1.0000,
2.3610,1.2018,0.0000,0.0000,0.0000,-0.0047,1.0000,
2.3677,1.2018,0.0000,0.0000,0.0000,-0.0047,1.0000,
2.3744,1.2017,0.0000,0.0000,0.0000,-0.0047,1.0000,
2.3810,1.2016,0.0000,0.0000,0.0000,-0.0047,1.0000,
2.3877,1.2016,0.0000,0.0000,0.0000,-0.0047,1.0000,
2.3944,1.2015,0.0000,0.0000,0.0000,-0.0047,1.0000,
2.4077,1.2014,0.0000,0.0000,0.0000,-0.0016,1.0000,
2.4144,1.2014,0.0000,0.0000,0.0000,-0.0016,1.0000,
2.4211,1.2014,0.0000,0.0000,0.0000,-0.0016,1.0000,
2.4278,1.2013,0.0000,0.0000,0.0000,-0.0016,1.0000,
2.4345,1.2013,0.0000,0.0000,0.0000,-0.0016,1.0000,
2.4412,1.2013,0.0000,0.0000,0.0000,-0.0016,1.0000,
2.4479,1.2013,0.0000,0.0000,0.0000,-0.0016,1.0000,
2.4546,1.2013,0.0000,0.0000,0.0000,-0.0016,1.0000,
2.4613,1.2012,0.0000,0.0000,0.0000,-0.0016,1.0000,
2.4681,1.2012,0.0000,0.0000,0.0000,-0.0016,1.0000,
2.4748,1.2012,0.0000,0.0000,0.0000,-0.0016,1.0000,
2.4815,1.2012,0.0000,0.0000,0.0000,-0.0016,1.0000,
2.4882,1.2011,0.0000,0.0000,0.0000,-0.0016,1.0000,
2.4949,1.2011,0.0000,0.0000,0.0000,-0.0016,1.0000,
2.5016,1.2011,0.0000,0.0000,0.0000,-0.0016,1.0000,
2.5083,1.2011,0.0000,0.0000,0.0000,-0.0016,1.0000,
2.5150,1.2011,0.0000,0.0000,0.0000,-0.0016,1.0000,
2.5217,1.2010,0.0000,0.0000,0.0000,-0.0016,1.0000,
2.5284,1.2010,0.0000,0.0000,0.0000,-0.0016,1.0000,
2.5351,1.2010,0.0000,0.0000,0.0000,-0.0016,1.0000,
2.5418,1.2010,0.0000,0.0000,0.0000,-0.0016,1.0000,
2.5485,1.2009,0.0000,0.0000,0.0000,-0.0016,1.0000,
2.5552,1.2009,0.0000,0.0000,0.0000,-0.0016,1.0000,
2.5619,1.2009,0.0000,0.0000,0.0000,-0.0016,1.0000,
2.5686,1.2009,0.0000,0.0000,0.0000,-0.0016,1.0000,
2.5753,1.2009,0.0000,0.0000,0.0000,-0.0016,1.0000,
2.5820,1.2008,0.0000,0.0000,0.0000,-0.0016,1.0000,
2.5887,1.2008,0.0000,0.0000,0.0000,-0.0016,1.0000,
2.5954,1.2008,0.0000,0.0000,0.0000,-0.0016,1.0000,
2.6021,1.2008,0.0000,0.0000,0.0000,-0.0016,1.0000,
2.6088,1.2008,0.0000,0.0000,0.0000,-0.0016,1.0000,
2.6155,1.2007,0.0000,0.0000,0.0000,-0.0016,1.0000,
2.6222,1.2007,0.0000,0.0000,0.0000,-0.0016,1.0000,
2.6289,1.2007,0.0000,0.0000,0.0000,-0.0016,1.0000,
2.6356,1.2007,0.0000,0.0000,0.0000,-0.0016,1.0000,
2.6423,1.2006,0.0000,0.0000,0.0000,-0.0016,1.0000,
2.6490,1.2006,0.0000,0.0000,0.0000,-0.0016,1.0000,
2.6557,1.2006,0.0000,0.0000,0.0000,-0.0016,1.0000,
2.6624,1.2006,0.0000,0.0000,0.0000,-0.0016,1.0000,
2.6692,1.2006,0.0000,0.0000,0.0000,-0.0016,1.0000,
2.6759,1.2005,0.0000,0.0000,0.0000,-0.0016,1.0000,
2.6826,1.2005,0.0000,0.0000,0.0000,-0.0016,1.0000,
2.6893,1.2005,0.0000,0.0000,0.0000,-0.0016,1.0000,
2.6960,1.2005,0.0000,0.0000,0.0000,-0.0016,1.0000,
2.7027,1.2005,0.0000,0.0000,0.0000,-0.0016,1.0000,
2.7094,1.2004,0.0000,0.0000,0.0000,-0.0016,1.0000,
2.7161,1.2004,0.0000,0.0000,0.0000,-0.0016,1.0000,
2.7228,1.2004,0.0000,0.0000,0.0000,-0.0016,1.0000,
2.7295,1.2004,0.0000,0.0000,0.0000,-0.0016,1.0000,
2.7362,1.2003,0.0000,0.0000,0.0000,-0.0016,1.0000,
2.7429,1.2003,0.0000,0.0000,0.0000,-0.0016,1.0000,
2.7496,1.2003,0.0000,0.0000,0.0000,-0.0016,1.0000,
2.7563,1.2003,0.0000,0.0000,0.0000,-0.0016,1.0000,
2.7630,1.2003,0.0000,0.0000,0.0000,-0.0016,1.0000,
2.7697,1.2002,0.0000,0.0000,0.0000,-0.0016,1.0000,
2.7764,1.2002,0.0000,0.0000,0.0000,-0.0016,1.0000,
2.7831,1.2002,0.0000,0.0000,0.0000,-0.0016,1.0000,
2.7898,1.2002,0.0000,0.0000,0.0000,-0.0016,1.0000,
2.7965,1.2002,0.0000,0.0000,0.0000,-0.0016,1.0000,
2.8032,1.2001,0.0000,0.0000,0.0000,-0.0016,1.0000,
2.8099,1.2001,0.0000,0.0000,0.0000,-0.0016,1.0000,
2.8166,1.2001,0.0000,0.0000,0.0000,-0.0016,1.0000,
2.8233,1.2001,0.0000,0.0000,0.0000,-0.0016,1.0000,
2.8300,1.2000,0.0000,0.0000,0.0000,-0.0016,1.0000,
2.8367,1.2000,0.0000,0.0000,0.0000,-0.0016,1.0000,
2.8434,1.2000,0.0000,0.0000,0.0000,-0.0016,1.0000,
2.8501,1.2000,0.0000,0.0000,0.0000,-0.0016,1.0000,
2.8568,1.2000,0.0000,0.0000,0.0000,-0.0016,1.0000,
2.8635,1.1999,0.0000,0.0000,0.0000,-0.0016,1.0000,
2.8702,1.1999,0.0000,0.0000,0.0000,-0.0016,1.0000,
2.8770,1.1999,0.0000,0.0000,0.0000,-0.0016,1.0000,
2.8837,1.1999,0.0000,0.0000,0.0000,-0.0016,1.0000,
2.8904,1.1999,0.0000,0.0000,0.0000,-0.0016,1.0000,
2.8971,1.1998,0.0000,0.0000,0.0000,-0.0016,1.0000,
2.9038,1.1998,0.0000,0.0000,0.0000,-0.0016,1.0000,
2.9105,1.1998,0.0000,0.0000,0.0000,-0.0016,1.0000,
2.9172,1.1998,0.0000,0.0000,0.0000,-0.0016,1.0000,
2.9239,1.1997,0.0000,0.0000,0.0000,-0.0016,1.0000,
2.9306,1.1997,0.0000,0.0000,0.0000,-0.0016,1.0000,
2.9373,1.1997,0.0000,0.0000,0.0000,-0.0016,1.0000,
2.9440,1.1997,0.0000,0.0000,0.0000,-0.0016,1.0000,
2.9507,1.1997,0.0000,0.0000,0.0000,-0.0016,1.0000,
2.9574,1.1996,0.0000,0.0000,0.0000,-0.0016,1.0000,
2.9641,1.1996,0.0000,0.0000,0.0000,-0.0016,1.0000,
2.9708,1.1996,0.0000,0.0000,0.0000,-0.0016,1.0000,
2.9775,1.1996,0.0000,0.0000,0.0000,-0.0016,1.0000,
2.9842,1.1996,0.0000,0.0000,0.0000,-0.0016,1.0000,
2.9909,1.1995,0.0000,0.0000,0.0000,-0.0016,1.0000,
2.9976,1.1995,0.0000,0.0000,0.0000,-0.0016,1.0000,
3.0043,1.1995,0.0000,0.0000,0.0000,-0.0016,1.0000,
3.0110,1.1995,0.0000,0.0000,0.0000,-0.0016,1.0000,
3.0177,1.1994,0.0000,0.0000,0.0000,-0.0016,1.0000,
3.0244,1.1994,0.0000,0.0000,0.0000,-0.0016,1.0000,
3.0311,1.1994,0.0000,0.0000,0.0000,-0.0016,1.0000,
3.0378,1.1994,0.0000,0.0000,0.0000,-0.0016,1.0000,
3.0445,1.1994,0.0000,0.0000,0.0000,-0.0016,1.0000,
3.0512,1.1993,0.0000,0.0000,0.0000,-0.0016,1.0000,
3.0579,1.1993,0.0000,0.0000,0.0000,-0.0016,1.0000,
3.0646,1.1993,0.0000,0.0000,0.0000,-0.0016,1.0000,
3.0713,1.1993,0.0000,0.0000,0.0000,-0.0016,1.0000,
3.0781,1.1993,0.0000,0.0000,0.0000,-0.0016,1.0000,
3.0848,1.1992,0.0000,0.0000,0.0000,-0.0016,1.0000,
3.0915,1.1992,0.0000,0.0000,0.0000,-0.0016,1.0000,
3.0982,1.1992,0.0000,0.0000,0.0000,-0.0016,1.0000,
3.1049,1.1992,0.0000,0.0000,0.0000,-0.0016,1.0000,
3.1116,1.1991,0.0000,0.0000,0.0000,-0.0016,1.0000,
3.1183,1.1991,0.0000,0.0000,0.0000,-0.0016,1.0000,
3.1250,1.1991,0.0000,0.0000,0.0000,-0.0016,1.0000,
3.1317,1.1991,0.0000,0.0000,0.0000,-0.0016,1.0000,
3.1384,1.1991,0.0000,0.0000,0.0000,-0.0016,1.0000,
3.1451,1.1990,0.0000,0.0000,0.0000,-0.0016,1.0000,
3.1518,1.1990,0.0000,0.0000,0.0000,-0.0016,1.0000,
3.1585,1.1990,0.0000,0.0000,0.0000,-0.0016,1.0000,
3.1652,1.1990,0.0000,0.0000,0.0000,-0.0016,1.0000,
3.1719,1.1990,0.0000,0.0000,0.0000,-0.0016,1.0000,
3.1786,1.1989,0.0000,0.0000,0.0000,-0.0016,1.0000,
3.1853,1.1989,0.0000,0.0000,0.0000,-0.0016,1.0000,
3.1920,1.1989,0.0000,0.0000,0.0000,-0.0016,1.0000,
3.1987,1.1989,0.0000,0.0000,0.0000,-0.0016,1.0000,
3.2054,1.1988,0.0000,0.0000,0.0000,-0.0016,1.0000,
3.2121,1.1988,0.0000,0.0000,0.0000,-0.0016,1.0000,
3.2188,1.1988,0.0000,0.0000,0.0000,-0.0016,1.0000,
3.2255,1.1988,0.0000,0.0000,0.0000,-0.0016,1.0000,
3.2322,1.1988,0.0000,0.0000,0.0000,-0.0016,1.0000,
3.2389,1.1987,0.0000,0.0000,0.0000,-0.0016,1.0000,
3.2456,1.1987,0.0000,0.0000,0.0000,-0.0016,1.0000,
3.2523,1.1987,0.0000,0.0000,0.0000,-0.0016,1.0000,
3.2590,1.1987,0.0000,0.0000,0.0000,-0.0016,1.0000,
3.2657,1.1987,0.0000,0.0000,0.0000,-0.0016,1.0000,
3.2724,1.1986,0.0000,0.0000,0.0000,-0.0016,1.0000,
3.2792,1.1986,0.0000,0.0000,0.0000,-0.0016,1.0000,
3.2859,1.1986,0.0000,0.0000,0.0000,-0.0016,1.0000,
3.2926,1.1986,0.0000,0.0000,0.0000,-0.0016,1.0000,
3.2993,1.1985,0.0000,0.0000,0.0000,-0.0016,1.0000,
3.3060,1.1985,0.0000,0.0000,0.0000,-0.0016,1.0000,
3.3127,1.1985,0.0000,0.0000,0.0000,-0.0016,1.0000,
3.3194,1.1985,0.0000,0.0000,0.0000,-0.0016,1.0000,
3.3261,1.1985,0.0000,0.0000,0.0000,-0.0016,1.0000,
3.3328,1.1984,0.0000,0.0000,0.0000,-0.0016,1.0000,
3.3395,1.1984,0.0000,0.0000,0.0000,-0.0016,1.0000,
3.3462,1.1984,0.0000,0.0000,0.0000,-0.0016,1.0000,
3.3529,1.1984,0.0000,0.0000,0.0000,-0.0016,1.0000,
3.3596,1.1984,0.0000,0.0000,0.0000,-0.0016,1.0000,
3.3663,1.1983,0.0000,0.0000,0.0000,-0.0016,1.0000,
3.3730,1.1983,0.0000,0.0000,0.0000,-0.0016,1.0000,
3.3797,1.1983,0.0000,0.0000,0.0000,-0.0016,1.0000,
3.3864,1.1983,0.0000,0.0000,0.0000,-0.0016,1.0000,
3.3931,1.1982,0.0000,0.0000,0.0000,-0.0016,1.0000,
