0.7582,1.6261,0.0000,0.0000,0.0000,0.7017,0.7124,
0.7583,1.6327,0.0000,0.0000,0.0000,0.7071,0.7071,
0.7583,1.6394,0.0000,0.0000,0.0000,0.7018,0.7124,
0.7584,1.6461,0.0000,0.0000,0.0000,0.7018,0.7124,
0.7585,1.6528,0.0000,0.0000,0.0000,0.7071,0.7071,
0.7585,1.6595,0.0000,0.0000,0.0000,0.7018,0.7124,
0.7586,1.6662,0.0000,0.0000,0.0000,0.7018,0.7124,
0.7587,1.6729,0.0000,0.0000,0.0000,0.7071,0.7071,
0.7587,1.6796,0.0000,0.0000,0.0000,0.7018,0.7124,
0.7588,1.6863,0.0000,0.0000,0.0000,0.7018,0.7124,
0.7589,1.6930,0.0000,0.0000,0.0000,0.7071,0.7071,
0.7589,1.6997,0.0000,0.0000,0.0000,0.7018,0.7124,
0.7590,1.7064,0.0000,0.0000,0.0000,0.7017,0.7124,
0.7591,1.7130,0.0000,0.0000,0.0000,0.7071,0.7071,
0.7591,1.7197,0.0000,0.0000,0.0000,0.7018,0.7124,
0.7592,1.7264,0.0000,0.0000,0.0000,0.7018,0.7124,
0.7593,1.7331,0.0000,0.0000,0.0000,0.7071,0.7071,
0.7593,1.7398,0.0000,0.0000,0.0000,0.7018,0.7124,
0.7594,1.7465,0.0000,0.0000,0.0000,0.7018,0.7124,
0.7595,1.7532,0.0000,0.0000,0.0000,0.7071,0.7071,
0.7595,1.7599,0.0000,0.0000,0.0000,0.7018,0.7124,
0.7596,1.7666,0.0000,0.0000,0.0000,0.7018,0.7124,
0.7597,1.7733,0.0000,0.0000,0.0000,0.7071,0.7071,
0.7597,1.7800,0.0000,0.0000,0.0000,0.7018,0.7124,
0.7598,1.7867,0.0000,0.0000,0.0000,0.7017,0.7124,
0.7599,1.7933,0.0000,0.0000,0.0000,0.7071,0.7071,
0.7599,1.8000,0.0000,0.0000,0.0000,0.7018,0.7124,
0.7600,1.8067,0.0000,0.0000,0.0000,0.7018,0.7124,
0.7601,1.8134,0.0000,0.0000,0.0000,0.7071,0.7071,
0.7601,1.8201,0.0000,0.0000,0.0000,0.7018,0.7124,
0.7602,1.8268,0.0000,0.0000,0.0000,0.7018,0.7124,
0.7603,1.8335,0.0000,0.0000,0.0000,0.7071,0.7071,
0.7603,1.8402,0.0000,0.0000,0.0000,0.7018,0.7124,
0.7604,1.8469,0.0000,0.0000,0.0000,0.7018,0.7124,
0.7605,1.8536,0.0000,0.0000,0.0000,0.7071,0.7071,
0.7605,1.8603,0.0000,0.0000,0.0000,0.7018,0.7124,
0.7606,1.8670,0.0000,0.0000,0.0000,0.7017,0.7124,
0.7607,1.8736,0.0000,0.0000,0.0000,0.7071,0.7071,
0.7607,1.8803,0.0000,0.0000,0.0000,0.7018,0.7124,
0.7608,1.8870,0.0000,0.0000,0.0000,0.7018,0.7124,
0.7609,1.8937,0.0000,0.0000,0.0000,0.7018,0.7124,
0.7610,1.9004,0.0000,0.0000,0.0000,0.7071,0.7071,
0.7610,1.9071,0.0000,0.0000,0.0000,0.7018,0.7124,
0.7611,1.9138,0.0000,0.0000,0.0000,0.7018,0.7124,
0.7612,1.9205,0.0000,0.0000,0.0000,0.7071,0.7071,
0.7612,1.9272,0.0000,0.0000,0.0000,0.7018,0.7124,
0.7613,1.9339,0.0000,0.0000,0.0000,0.7018,0.7124,
0.7614,1.9406,0.0000,0.0000,0.0000,0.7071,0.7071,
0.7614,1.9473,0.0000,0.0000,0.0000,0.7017,0.7124,
0.7615,1.9539,0.0000,0.0000,0.0000,0.7018,0.7124,
0.7616,1.9606,0.0000,0.0000,0.0000,0.7071,0.7071,
0.7616,1.9673,0.0000,0.0000,0.0000,0.7018,0.7124,
0.7617,1.9740,0.0000,0.0000,0.0000,0.7018,0.7124,
0.7618,1.9807,0.0000,0.0000,0.0000,0.7071,0.7071,
0.7618,1.9874,0.0000,0.0000,0.0000,0.7018,0.7124,
0.7619,1.9941,0.0000,0.0000,0.0000,0.7018,0.7124,
0.7620,2.0008,0.0000,0.0000,0.0000,0.7071,0.7071,
0.7620,2.0075,0.0000,0.0000,0.0000,0.7018,0.7124,
0.7621,2.0142,0.0000,0.0000,0.0000,0.7018,0.7124,
0.7622,2.0209,0.0000,0.0000,0.0000,0.7071,0.7071,
0.7622,2.0276,0.0000,0.0000,0.0000,0.7017,0.7124,
0.7623,2.0342,0.0000,0.0000,0.0000,0.7018,0.7124,
0.7624,2.0409,0.0000,0.0000,0.0000,0.7071,0.7071,
0.7624,2.0476,0.0000,0.0000,0.0000,0.7018,0.7124,
0.7625,2.0543,0.0000,0.0000,0.0000,0.7018,0.7124,
0.7626,2.0610,0.0000,0.0000,0.0000,0.7071,0.7071,
0.7626,2.0677,0.0000,0.0000,0.0000,0.7018,0.7124,
0.7627,2.0744,0.0000,0.0000,0.0000,0.7018,0.7124,
0.7628,2.0811,0.0000,0.0000,0.0000,0.7071,0.7071,
0.7628,2.0878,0.0000,0.0000,0.0000,0.7018,0.7124,
0.7629,2.0945,0.0000,0.0000,0.0000,0.7018,0.7124,
0.7630,2.1012,0.0000,0.0000,0.0000,0.7071,0.7071,
0.7630,2.1079,0.0000,0.0000,0.0000,0.7017,0.7124,
0.7631,2.1145,0.0000,0.0000,0.0000,0.7018,0.7124,
0.7632,2.1212,0.0000,0.0000,0.0000,0.7071,0.7071,
0.7632,2.1279,0.0000,0.0000,0.0000,0.7018,0.7124,
0.7633,2.1346,0.0000,0.0000,0.0000,0.7018,0.7124,
0.7634,2.1413,0.0000,0.0000,0.0000,0.7071,0.7071,
0.7634,2.1480,0.0000,0.0000,0.0000,0.7018,0.7124,
0.7635,2.1547,0.0000,0.0000,0.0000,0.7018,0.7124,
0.7636,2.1614,0.0000,0.0000,0.0000,0.7071,0.7071,
0.7636,2.1681,0.0000,0.0000,0.0000,0.7018,0.7124,
0.7637,2.1748,0.0000,0.0000,0.0000,0.7018,0.7124,
0.7638,2.1815,0.0000,0.0000,0.0000,0.7071,0.7071,
0.7638,2.1882,0.0000,0.0000,0.0000,0.7017,0.7124,
0.7639,2.1948,0.0000,0.0000,0.0000,0.7018,0.7124,
0.7640,2.2015,0.0000,0.0000,0.0000,0.7071,0.7071,
0.7640,2.2082,0.0000,0.0000,0.0000,0.7018,0.7124,
0.7641,2.2149,0.0000,0.0000,0.0000,0.7018,0.7124,
0.7642,2.2216,0.0000,0.0000,0.0000,0.7071,0.7071,
0.7642,2.2283,0.0000,0.0000,0.0000,0.7018,0.7124,
0.7643,2.2350,0.0000,0.0000,0.0000,0.7018,0.7124,
0.7644,2.2417,0.0000,0.0000,0.0000,0.7071,0.7071,
0.7644,2.2484,0.0000,0.0000,0.0000,0.7018,0.7124,
0.7645,2.2551,0.0000,0.0000,0.0000,0.7018,0.7124,
0.7646,2.2618,0.0000,0.0000,0.0000,0.7071,0.7071,
0.7646,2.2685,0.0000,0.0000,0.0000,0.7017,0.7124,
0.7647,2.2751,0.0000,0.0000,0.0000,0.7018,0.7124,
0.7648,2.2818,0.0000,0.0000,0.0000,0.7071,0.7071,
0.7648,2.2885,0.0000,0.0000,0.0000,0.7018,0.7124,
0.7649,2.2952,0.0000,0.0000,0.0000,0.7018,0.7124,
0.7650,2.3019,0.0000,0.0000,0.0000,0.7071,0.7071,
0.7650,2.3086,0.0000,0.0000,0.0000,0.7018,0.7124,
0.7651,2.3153,0.0000,0.0000,0.0000,0.7018,0.7124,
0.7652,2.3220,0.0000,0.0000,0.0000,0.7071,0.7071,
0.7652,2.3287,0.0000,0.0000,0.0000,0.7018,0.7124,
0.7653,2.3354,0.0000,0.0000,0.0000,0.7018,0.7124,
0.7654,2.3421,0.0000,0.0000,0.0000,0.7071,0.7071,
0.7654,2.3488,0.0000,0.0000,0.0000,0.7017,0.7124,
0.7655,2.3554,0.0000,0.0000,0.0000,0.7018,0.7124,
0.7656,2.3621,0.0000,0.0000,0.0000,0.7071,0.7071,
0.7656,2.3688,0.0000,0.0000,0.0000,0.7018,0.7124,
0.7657,2.3755,0.0000,0.0000,0.0000,0.7018,0.7124,
0.7658,2.3822,0.0000,0.0000,0.0000,0.7071,0.7071,
0.7658,2.3889,0.0000,0.0000,0.0000,0.7018,0.7124,
0.7659,2.3956,0.0000,0.0000,0.0000,0.7018,0.7124,
0.7660,2.4023,0.0000,0.0000,0.0000,0.7071,0.7071,
0.7660,2.4090,0.0000,0.0000,0.0000,0.7018,0.7124,
0.7661,2.4157,0.0000,0.0000,0.0000,0.7018,0.7124,
0.7662,2.4224,0.0000,0.0000,0.0000,0.7071,0.7071,
0.7662,2.4290,0.0000,0.0000,0.0000,0.7018,0.7124,
0.7663,2.4357,0.0000,0.0000,0.0000,0.7018,0.7124,
0.7664,2.4424,0.0000,0.0000,0.0000,0.7071,0.7071,
0.7664,2.4491,0.0000,0.0000,0.0000,0.7018,0.7124,
0.7665,2.4558,0.0000,0.0000,0.0000,0.7018,0.7124,
0.7666,2.4625,0.0000,0.0000,0.0000,0.7071,0.7071,
0.7666,2.4692,0.0000,0.0000,0.0000,0.7018,0.7124,
0.7667,2.4759,0.0000,0.0000,0.0000,0.7018,0.7124,
0.7668,2.4826,0.0000,0.0000,0.0000,0.7071,0.7071,
0.7668,2.4893,0.0000,0.0000,0.0000,0.7018,0.7124,
0.7669,2.4960,0.0000,0.0000,0.0000,0.7018,0.7124,
0.7670,2.5027,0.0000,0.0000,0.0000,0.7071,0.7071,
0.7670,2.5093,0.0000,0.0000,0.0000,0.7018,0.7124,
0.7671,2.5160,0.0000,0.0000,0.0000,0.7018,0.7124,
0.7672,2.5227,0.0000,0.0000,0.0000,0.7071,0.7071,
0.7672,2.5294,0.0000,0.0000,0.0000,0.7018,0.7124,
0.7673,2.5361,0.0000,0.0000,0.0000,0.7018,0.7124,
0.7674,2.5428,0.0000,0.0000,0.0000,0.7071,0.7071,
0.7674,2.5495,0.0000,0.0000,0.0000,0.7018,0.7124,
0.7675,2.5562,0.0000,0.0000,0.0000,0.7018,0.7124,
0.7676,2.5629,0.0000,0.0000,0.0000,0.7071,0.7071,
0.7676,2.5696,0.0000,0.0000,0.0000,0.7018,0.7124,
0.7677,2.5763,0.0000,0.0000,0.0000,0.7018,0.7124,
0.7678,2.5830,0.0000,0.0000,0.0000,0.7071,0.7071,
0.7678,2.5896,0.0000,0.0000,0.0000,0.7018,0.7124,
0.7679,2.5963,0.0000,0.0000,0.0000,0.7018,0.7124,
0.7680,2.6030,0.0000,0.0000,0.0000,0.7071,0.7071,
0.7680,2.6097,0.0000,0.0000,0.0000,0.7018,0.7124,
0.7681,2.6164,0.0000,0.0000,0.0000,0.7018,0.7124,
0.7682,2.6231,0.0000,0.0000,0.0000,0.7071,0.7071,
0.7682,2.6298,0.0000,0.0000,0.0000,0.7018,0.7124,
0.7683,2.6365,0.0000,0.0000,0.0000,0.7018,0.7124,
0.7684,2.6432,0.0000,0.0000,0.0000,0.7071,0.7071,
0.7684,2.6499,0.0000,0.0000,0.0000,0.7018,0.7124,
0.7685,2.6566,0.0000,0.0000,0.0000,0.7018,0.7124,
0.7686,2.6633,0.0000,0.0000,0.0000,0.7071,0.7071,
0.7686,2.6699,0.0000,0.0000,0.0000,0.7018,0.7124,
0.7687,2.6766,0.0000,0.0000,0.0000,0.7018,0.7124,
0.7688,2.6833,0.0000,0.0000,0.0000,0.7071,0.7071,
0.7688,2.6900,0.0000,0.0000,0.0000,0.7018,0.7124,
0.7689,2.6967,0.0000,0.0000,0.0000,0.7018,0.7124,
0.7690,2.7034,0.0000,0.0000,0.0000,0.7071,0.7071,
0.7690,2.7101,0.0000,0.0000,0.0000,0.7018,0.7124,
0.7691,2.7168,0.0000,0.0000,0.0000,0.7018,0.7124,
0.7692,2.7235,0.0000,0.0000,0.0000,0.7071,0.7071,
0.7692,2.7302,0.0000,0.0000,0.0000,0.7018,0.7124,
0.7693,2.7369,0.0000,0.0000,0.0000,0.7018,0.7124,
0.7694,2.7436,0.0000,0.0000,0.0000,0.7071,0.7071,
0.7694,2.7502,0.0000,0.0000,0.0000,0.7018,0.7124,
0.7695,2.7569,0.0000,0.0000,0.0000,0.7018,0.7124,
0.7696,2.7636,0.0000,0.0000,0.0000,0.7071,0.7071,
0.7696,2.7703,0.0000,0.0000,0.0000,0.7018,0.7124,
0.7697,2.7770,0.0000,0.0000,0.0000,0.7018,0.7124,
0.7698,2.7837,0.0000,0.0000,0.0000,0.7071,0.7071,
0.7698,2.7904,0.0000,0.0000,0.0000,0.7018,0.7124,
0.7699,2.7971,0.0000,0.0000,0.0000,0.7018,0.7124,
0.7700,2.8038,0.0000,0.0000,0.0000,0.7071,0.7071,
0.7700,2.8105,0.0000,0.0000,0.0000,0.7018,0.7124,
0.7701,2.8172,0.0000,0.0000,0.0000,0.7018,0.7124,
0.7702,2.8239,0.0000,0.0000,0.0000,0.7071,0.7071,
0.7702,2.8305,0.0000,0.0000,0.0000,0.7018,0.7124,
0.7703,2.8372,0.0000,0.0000,0.0000,0.7018,0.7124,
0.7704,2.8439,0.0000,0.0000,0.0000,0.7071,0.7071,
0.7704,2.8506,0.0000,0.0000,0.0000,0.7018,0.7124,
0.7705,2.8573,0.0000,0.0000,0.0000,0.7018,0.7124,
0.7706,2.8640,0.0000,0.0000,0.0000,0.7071,0.7071,
0.7706,2.8707,0.0000,0.0000,0.0000,0.7018,0.7124,
0.7707,2.8774,0.0000,0.0000,0.0000,0.7018,0.7124,
0.7708,2.8841,0.0000,0.0000,0.0000,0.7071,0.7071,
0.7708,2.8908,0.0000,0.0000,0.0000,0.7018,0.7124,
0.7709,2.8975,0.0000,0.0000,0.0000,0.7018,0.7124,
0.7710,2.9042,0.0000,0.0000,0.0000,0.7071,0.7071,
0.7710,2.9108,0.0000,0.0000,0.0000,0.7018,0.7124,
0.7711,2.9175,0.0000,0.0000,0.0000,0.7018,0.7124,
0.7712,2.9242,0.0000,0.0000,0.0000,0.7071,0.7071,
0.7712,2.9309,0.0000,0.0000,0.0000,0.7018,0.7124,
0.7713,2.9376,0.0000,0.0000,0.0000,0.7018,0.7124,
0.7714,2.9443,0.0000,0.0000,0.0000,0.7071,0.7071,
0.7714,2.9510,0.0000,0.0000,0.0000,0.7018,0.7124,
0.7715,2.9577,0.0000,0.0000,0.0000,0.7018,0.7124,
0.7716,2.9644,0.0000,0.0000,0.0000,0.7018,0.7124,
0.7717,2.9711,0.0000,0.0000,0.0000,0.7071,0.7071,
0.7717,2.9778,0.0000,0.0000,0.0000,0.7018,0.7124,
0.7718,2.9845,0.0000,0.0000,0.0000,0.7017,0.7124,
0.7719,2.9911,0.0000,0.0000,0.0000,0.7071,0.7071,
0.7719,2.9978,0.0000,0.0000,0.0000,0.7018,0.7124,
0.7720,3.0045,0.0000,0.0000,0.0000,0.7018,0.7124,
0.7721,3.0112,0.0000,0.0000,0.0000,0.7071,0.7071,
0.7721,3.0179,0.0000,0.0000,0.0000,0.7018,0.7124,
