5.3024,2.7477,0.0000,0.0000,0.0000,-0.7173,0.6968,
5.3022,2.7408,0.0000,0.0000,0.0000,-0.7173,0.6968,
5.3020,2.7339,0.0000,0.0000,0.0000,-0.7173,0.6968,
5.3018,2.7270,0.0000,0.0000,0.0000,-0.7173,0.6968,
5.3016,2.7201,0.0000,0.0000,0.0000,-0.7173,0.6968,
5.3014,2.7132,0.0000,0.0000,0.0000,-0.7173,0.6968,
5.3012,2.7063,0.0000,0.0000,0.0000,-0.7122,0.7020,
5.3011,2.6994,0.0000,0.0000,0.0000,-0.7173,0.6968,
5.3009,2.6925,0.0000,0.0000,0.0000,-0.7173,0.6968,
5.3007,2.6856,0.0000,0.0000,0.0000,-0.7173,0.6968,
5.3005,2.6787,0.0000,0.0000,0.0000,-0.7173,0.6968,
5.3003,2.6718,0.0000,0.0000,0.0000,-0.7173,0.6968,
5.3001,2.6649,0.0000,0.0000,0.0000,-0.7173,0.6968,
5.2999,2.6580,0.0000,0.0000,0.0000,-0.7173,0.6968,
5.2997,2.6511,0.0000,0.0000,0.0000,-0.7173,0.6968,
5.2995,2.6442,0.0000,0.0000,0.0000,-0.7173,0.6968,
5.2993,2.6373,0.0000,0.0000,0.0000,-0.7173,0.6968,
5.2991,2.6304,0.0000,0.0000,0.0000,-0.7173,0.6968,
5.2989,2.6235,0.0000,0.0000,0.0000,-0.7173,0.6968,
5.2987,2.6166,0.0000,0.0000,0.0000,-0.7173,0.6968,
5.2985,2.6097,0.0000,0.0000,0.0000,-0.7122,0.7020,
5.2984,2.6028,0.0000,0.0000,0.0000,-0.7173,0.6968,
5.2982,2.5959,0.0000,0.0000,0.0000,-0.7173,0.6968,
5.2980,2.5890,0.0000,0.0000,0.0000,-0.7174,0.6967,
5.2976,2.5753,0.0000,0.0000,0.0000,-0.8074,0.5900,
5.2954,2.5684,0.0000,0.0000,0.0000,-0.8047,0.5937,
5.2933,2.5616,0.0000,0.0000,0.0000,-0.8086,0.5883,
5.2911,2.5548,0.0000,0.0000,0.0000,-0.8047,0.5937,
5.2890,2.5480,0.0000,0.0000,0.0000,-0.8086,0.5883,
5.2868,2.5412,0.0000,0.0000,0.0000,-0.8047,0.5937,
5.2847,2.5344,0.0000,0.0000,0.0000,-0.8086,0.5883,
5.2825,2.5276,0.0000,0.0000,0.0000,-0.8047,0.5937,
5.2804,2.5208,0.0000,0.0000,0.0000,-0.8067,0.5910,
5.2761,2.5072,0.0000,0.0000,0.0000,-0.8788,0.4772,
5.2724,2.5015,0.0000,0.0000,0.0000,-0.8807,0.4737,
5.2687,2.4959,0.0000,0.0000,0.0000,-0.8788,0.4772,
5.2650,2.4902,0.0000,0.0000,0.0000,-0.8788,0.4772,
5.2613,2.4845,0.0000,0.0000,0.0000,-0.8788,0.4772,
5.2576,2.4788,0.0000,0.0000,0.0000,-0.8788,0.4772,
5.2539,2.4731,0.0000,0.0000,0.0000,-0.8788,0.4772,
5.2502,2.4674,0.0000,0.0000,0.0000,-0.8777,0.4792,
5.2466,2.4618,0.0000,0.0000,0.0000,-0.8788,0.4772,
5.2429,2.4561,0.0000,0.0000,0.0000,-0.8788,0.4772,
5.2355,2.4447,0.0000,0.0000,0.0000,-0.9159,0.4014,
5.2308,2.4396,0.0000,0.0000,0.0000,-0.9139,0.4059,
5.2261,2.4344,0.0000,0.0000,0.0000,-0.9139,0.4059,
5.2214,2.4292,0.0000,0.0000,0.0000,-0.9159,0.4014,
5.2167,2.4241,0.0000,0.0000,0.0000,-0.9139,0.4059,
5.2120,2.4189,0.0000,0.0000,0.0000,-0.9159,0.4014,
5.2073,2.4138,0.0000,0.0000,0.0000,-0.9139,0.4059,
5.2026,2.4086,0.0000,0.0000,0.0000,-0.9159,0.4014,
5.1979,2.4035,0.0000,0.0000,0.0000,-0.9139,0.4059,
5.1932,2.3983,0.0000,0.0000,0.0000,-0.9149,0.4037,
5.1838,2.3880,0.0000,0.0000,0.0000,-0.9817,0.1905,
5.1776,2.3855,0.0000,0.0000,0.0000,-0.9817,0.1905,
5.1714,2.3830,0.0000,0.0000,0.0000,-0.9809,0.1945,
5.1651,2.3804,0.0000,0.0000,0.0000,-0.9817,0.1905,
5.1589,2.3779,0.0000,0.0000,0.0000,-0.9817,0.1905,
5.1527,2.3754,0.0000,0.0000,0.0000,-0.9822,0.1878,
5.1464,2.3729,0.0000,0.0000,0.0000,-0.9817,0.1905,
5.1402,2.3704,0.0000,0.0000,0.0000,-0.9817,0.1905,
5.1340,2.3679,0.0000,0.0000,0.0000,-0.9809,0.1945,
5.1277,2.3653,0.0000,0.0000,0.0000,-0.9817,0.1905,
5.1215,2.3628,0.0000,0.0000,0.0000,-0.9822,0.1878,
5.1152,2.3603,0.0000,0.0000,0.0000,-0.9817,0.1905,
5.1090,2.3578,0.0000,0.0000,0.0000,-0.9813,0.1925,
5.0965,2.3527,0.0000,0.0000,0.0000,1.0000,0.0000,
5.0898,2.3527,0.0000,0.0000,0.0000,1.0000,0.0000,
5.0831,2.3527,0.0000,0.0000,0.0000,1.0000,0.0000,
5.0763,2.3527,0.0000,0.0000,0.0000,1.0000,0.0000,
5.0696,2.3527,0.0000,0.0000,0.0000,1.0000,0.0000,
5.0629,2.3527,0.0000,0.0000,0.0000,1.0000,0.0000,
5.0561,2.3527,0.0000,0.0000,0.0000,1.0000,0.0000,
5.0494,2.3527,0.0000,0.0000,0.0000,-1.0000,0.0074,
5.0426,2.3526,0.0000,0.0000,0.0000,1.0000,0.0000,
5.0359,2.3526,0.0000,0.0000,0.0000,1.0000,0.0000,
5.0292,2.3526,0.0000,0.0000,0.0000,1.0000,0.0000,
5.0224,2.3526,0.0000,0.0000,0.0000,1.0000,0.0000,
5.0157,2.3526,0.0000,0.0000,0.0000,1.0000,0.0000,
5.0089,2.3526,0.0000,0.0000,0.0000,1.0000,0.0000,
5.0022,2.3526,0.0000,0.0000,0.0000,1.0000,0.0000,
4.9955,2.3526,0.0000,0.0000,0.0000,1.0000,0.0000,
4.9887,2.3526,0.0000,0.0000,0.0000,-1.0000,0.0075,
4.9820,2.3525,0.0000,0.0000,0.0000,1.0000,0.0000,
4.9753,2.3525,0.0000,0.0000,0.0000,1.0000,0.0000,
4.9685,2.3525,0.0000,0.0000,0.0000,1.0000,0.0000,
4.9618,2.3525,0.0000,0.0000,0.0000,1.0000,0.0000,
4.9550,2.3525,0.0000,0.0000,0.0000,1.0000,0.0000,
4.9483,2.3525,0.0000,0.0000,0.0000,1.0000,0.0000,
4.9416,2.3525,0.0000,0.0000,0.0000,1.0000,0.0000,
4.9348,2.3525,0.0000,0.0000,0.0000,1.0000,0.0000,
4.9281,2.3525,0.0000,0.0000,0.0000,-1.0000,0.0075,
4.9214,2.3524,0.0000,0.0000,0.0000,1.0000,0.0000,
4.9146,2.3524,0.0000,0.0000,0.0000,1.0000,0.0000,
4.9079,2.3524,0.0000,0.0000,0.0000,1.0000,0.0000,
4.9011,2.3524,0.0000,0.0000,0.0000,1.0000,0.0000,
4.8944,2.3524,0.0000,0.0000,0.0000,1.0000,0.0000,
4.8877,2.3524,0.0000,0.0000,0.0000,1.0000,0.0000,
4.8809,2.3524,0.0000,0.0000,0.0000,1.0000,0.0000,
4.8742,2.3524,0.0000,0.0000,0.0000,1.0000,0.0000,
4.8675,2.3524,0.0000,0.0000,0.0000,-1.0000,0.0074,
4.8607,2.3523,0.0000,0.0000,0.0000,1.0000,0.0000,
4.8540,2.3523,0.0000,0.0000,0.0000,1.0000,0.0000,
4.8472,2.3523,0.0000,0.0000,0.0000,1.0000,0.0000,
4.8405,2.3523,0.0000,0.0000,0.0000,1.0000,0.0000,
