4.8370,2.3518,0.0000,0.0000,0.0000,0.9996,0.0289,
4.8301,2.3522,0.0000,0.0000,0.0000,0.9998,0.0217,
4.8232,2.3525,0.0000,0.0000,0.0000,0.9998,0.0214,
4.8162,2.3528,0.0000,0.0000,0.0000,0.9996,0.0289,
4.8093,2.3532,0.0000,0.0000,0.0000,0.9998,0.0217,
4.8024,2.3535,0.0000,0.0000,0.0000,0.9996,0.0289,
4.7955,2.3539,0.0000,0.0000,0.0000,0.9998,0.0214,
4.7885,2.3542,0.0000,0.0000,0.0000,0.9996,0.0289,
4.7816,2.3546,0.0000,0.0000,0.0000,0.9998,0.0217,
4.7747,2.3549,0.0000,0.0000,0.0000,0.9996,0.0285,
4.7677,2.3553,0.0000,0.0000,0.0000,0.9998,0.0217,
4.7608,2.3556,0.0000,0.0000,0.0000,0.9998,0.0217,
4.7539,2.3559,0.0000,0.0000,0.0000,0.9996,0.0289,
4.7470,2.3563,0.0000,0.0000,0.0000,0.9998,0.0214,
4.7400,2.3566,0.0000,0.0000,0.0000,0.9996,0.0289,
4.7331,2.3570,0.0000,0.0000,0.0000,0.9998,0.0217,
4.7262,2.3573,0.0000,0.0000,0.0000,0.9996,0.0289,
4.7193,2.3577,0.0000,0.0000,0.0000,0.9998,0.0214,
4.7123,2.3580,0.0000,0.0000,0.0000,0.9997,0.0253,
4.6985,2.3587,0.0000,0.0000,0.0000,0.9867,0.1625,
4.6920,2.3609,0.0000,0.0000,0.0000,0.9878,0.1556,
4.6855,2.3630,0.0000,0.0000,0.0000,0.9867,0.1625,
4.6790,2.3652,0.0000,0.0000,0.0000,0.9867,0.1625,
4.6725,2.3674,0.0000,0.0000,0.0000,0.9878,0.1556,
4.6660,2.3695,0.0000,0.0000,0.0000,0.9867,0.1625,
4.6595,2.3717,0.0000,0.0000,0.0000,0.9878,0.1556,
4.6530,2.3738,0.0000,0.0000,0.0000,0.9867,0.1625,
4.6465,2.3760,0.0000,0.0000,0.0000,0.9867,0.1625,
4.6400,2.3782,0.0000,0.0000,0.0000,0.9878,0.1556,
4.6335,2.3803,0.0000,0.0000,0.0000,0.9867,0.1625,
4.6270,2.3825,0.0000,0.0000,0.0000,0.9873,0.1590,
4.6140,2.3868,0.0000,0.0000,0.0000,0.9530,0.3028,
4.6082,2.3909,0.0000,0.0000,0.0000,0.9530,0.3028,
4.6024,2.3950,0.0000,0.0000,0.0000,0.9530,0.3028,
4.5966,2.3991,0.0000,0.0000,0.0000,0.9513,0.3083,
4.5908,2.4033,0.0000,0.0000,0.0000,0.9543,0.2990,
4.5849,2.4074,0.0000,0.0000,0.0000,0.9530,0.3028,
4.5791,2.4115,0.0000,0.0000,0.0000,0.9530,0.3028,
4.5733,2.4156,0.0000,0.0000,0.0000,0.9530,0.3028,
4.5675,2.4197,0.0000,0.0000,0.0000,0.9530,0.3028,
4.5617,2.4238,0.0000,0.0000,0.0000,0.9530,0.3028,
4.5559,2.4279,0.0000,0.0000,0.0000,0.9530,0.3028,
4.5501,2.4320,0.0000,0.0000,0.0000,0.9513,0.3083,
4.5443,2.4362,0.0000,0.0000,0.0000,0.9537,0.3009,
4.5326,2.4444,0.0000,0.0000,0.0000,0.9219,0.3874,
4.5278,2.4493,0.0000,0.0000,0.0000,0.9219,0.3874,
4.5230,2.4542,0.0000,0.0000,0.0000,0.9219,0.3873,
4.5181,2.4592,0.0000,0.0000,0.0000,0.9219,0.3874,
4.5133,2.4641,0.0000,0.0000,0.0000,0.9219,0.3874,
4.5085,2.4690,0.0000,0.0000,0.0000,0.9219,0.3874,
4.5037,2.4739,0.0000,0.0000,0.0000,0.9219,0.3873,
4.4988,2.4789,0.0000,0.0000,0.0000,0.9219,0.3874,
4.4940,2.4838,0.0000,0.0000,0.0000,0.9219,0.3874,
4.4892,2.4887,0.0000,0.0000,0.0000,0.9239,0.3827,
4.4843,2.4936,0.0000,0.0000,0.0000,0.9219,0.3874,
4.4795,2.4985,0.0000,0.0000,0.0000,0.9199,0.3921,
4.4747,2.5035,0.0000,0.0000,0.0000,0.9239,0.3827,
4.4698,2.5084,0.0000,0.0000,0.0000,0.9219,0.3874,
4.4650,2.5133,0.0000,0.0000,0.0000,0.9219,0.3874,
4.4553,2.5232,0.0000,0.0000,0.0000,0.8559,0.5171,
4.4522,2.5291,0.0000,0.0000,0.0000,0.8559,0.5171,
4.4491,2.5350,0.0000,0.0000,0.0000,0.8541,0.5201,
4.4460,2.5410,0.0000,0.0000,0.0000,0.8559,0.5171,
4.4429,2.5469,0.0000,0.0000,0.0000,0.8593,0.5115,
4.4397,2.5528,0.0000,0.0000,0.0000,0.8541,0.5201,
4.4366,2.5588,0.0000,0.0000,0.0000,0.8559,0.5171,
4.4335,2.5647,0.0000,0.0000,0.0000,0.8559,0.5171,
4.4304,2.5706,0.0000,0.0000,0.0000,0.8541,0.5201,
4.4273,2.5766,0.0000,0.0000,0.0000,0.8593,0.5115,
4.4241,2.5825,0.0000,0.0000,0.0000,0.8559,0.5171,
4.4210,2.5884,0.0000,0.0000,0.0000,0.8541,0.5201,
4.4179,2.5944,0.0000,0.0000,0.0000,0.8559,0.5171,
4.4148,2.6003,0.0000,0.0000,0.0000,0.8559,0.5171,
4.4117,2.6062,0.0000,0.0000,0.0000,0.8541,0.5201,
4.4086,2.6122,0.0000,0.0000,0.0000,0.8576,0.5143,
4.4023,2.6240,0.0000,0.0000,0.0000,0.7698,0.6383,
4.4010,2.6309,0.0000,0.0000,0.0000,0.7661,0.6427,
4.3998,2.6377,0.0000,0.0000,0.0000,0.7706,0.6373,
4.3985,2.6445,0.0000,0.0000,0.0000,0.7653,0.6437,
4.3973,2.6514,0.0000,0.0000,0.0000,0.7706,0.6373,
4.3960,2.6582,0.0000,0.0000,0.0000,0.7698,0.6383,
4.3947,2.6651,0.0000,0.0000,0.0000,0.7661,0.6427,
4.3935,2.6719,0.0000,0.0000,0.0000,0.7706,0.6373,
4.3922,2.6787,0.0000,0.0000,0.0000,0.7653,0.6437,
4.3910,2.6856,0.0000,0.0000,0.0000,0.7706,0.6373,
4.3897,2.6924,0.0000,0.0000,0.0000,0.7706,0.6373,
4.3884,2.6992,0.0000,0.0000,0.0000,0.7653,0.6437,
4.3872,2.7061,0.0000,0.0000,0.0000,0.7706,0.6373,
4.3859,2.7129,0.0000,0.0000,0.0000,0.7706,0.6373,
4.3846,2.7197,0.0000,0.0000,0.0000,0.7653,0.6437,
4.3834,2.7266,0.0000,0.0000,0.0000,0.7706,0.6373,
4.3821,2.7334,0.0000,0.0000,0.0000,0.7661,0.6427,
4.3809,2.7402,0.0000,0.0000,0.0000,0.7702,0.6378,
4.3783,2.7539,0.0000,0.0000,0.0000,0.7124,0.7018,
4.3782,2.7606,0.0000,0.0000,0.0000,0.7124,0.7017,
4.3781,2.7672,0.0000,0.0000,0.0000,0.7124,0.7018,
4.3780,2.7739,0.0000,0.0000,0.0000,0.7124,0.7018,
4.3779,2.7806,0.0000,0.0000,0.0000,0.7124,0.7018,
4.3778,2.7873,0.0000,0.0000,0.0000,0.7124,0.7017,
4.3777,2.7939,0.0000,0.0000,0.0000,0.7124,0.7018,
4.3776,2.8006,0.0000,0.0000,0.0000,0.7124,0.7018,
4.3775,2.8073,0.0000,0.0000,0.0000,0.7124,0.7018,
4.3774,2.8140,0.0000,0.0000,0.0000,0.7177,0.6963,
4.3772,2.8206,0.0000,0.0000,0.0000,0.7124,0.7018,
4.3771,2.8273,0.0000,0.0000,0.0000,0.7124,0.7018,
4.3770,2.8340,0.0000,0.0000,0.0000,0.7124,0.7018,
4.3769,2.8407,0.0000,0.0000,0.0000,0.7124,0.7017,
4.3768,2.8473,0.0000,0.0000,0.0000,0.7124,0.7018,
4.3767,2.8540,0.0000,0.0000,0.0000,0.7124,0.7018,
4.3766,2.8607,0.0000,0.0000,0.0000,0.7124,0.7017,
4.3765,2.8673,0.0000,0.0000,0.0000,0.7124,0.7018,
4.3764,2.8740,0.0000,0.0000,0.0000,0.7124,0.7018,
4.3763,2.8807,0.0000,0.0000,0.0000,0.7124,0.7018,
4.3762,2.8874,0.0000,0.0000,0.0000,0.7177,0.6963,
4.3760,2.8940,0.0000,0.0000,0.0000,0.7124,0.7018,
4.3759,2.9007,0.0000,0.0000,0.0000,0.7124,0.7018,
4.3758,2.9074,0.0000,0.0000,0.0000,0.7124,0.7018,
4.3757,2.9141,0.0000,0.0000,0.0000,0.7124,0.7017,
4.3756,2.9207,0.0000,0.0000,0.0000,0.7124,0.7018,
4.3755,2.9274,0.0000,0.0000,0.0000,0.7124,0.7018,
4.3754,2.9341,0.0000,0.0000,0.0000,0.7124,0.7018,
4.3753,2.9408,0.0000,0.0000,0.0000,0.7124,0.7017,
4.3752,2.9474,0.0000,0.0000,0.0000,0.7124,0.7018,
4.3751,2.9541,0.0000,0.0000,0.0000,0.7124,0.7018,
4.3750,2.9608,0.0000,0.0000,0.0000,0.7176,0.6965,
4.3748,2.9675,0.0000,0.0000,0.0000,0.7124,0.7017,
4.3747,2.9741,0.0000,0.0000,0.0000,0.7124,0.7018,
4.3746,2.9808,0.0000,0.0000,0.0000,0.7124,0.7018,
4.3745,2.9875,0.0000,0.0000,0.0000,0.7124,0.7017,
4.3744,2.9941,0.0000,0.0000,0.0000,0.7124,0.7018,
4.3743,3.0008,0.0000,0.0000,0.0000,0.7124,0.7018,
4.3742,3.0075,0.0000,0.0000,0.0000,0.7124,0.7018,
4.3741,3.0142,0.0000,0.0000,0.0000,0.7124,0.7017,
4.3740,3.0208,0.0000,0.0000,0.0000,0.7124,0.7018,
4.3739,3.0275,0.0000,0.0000,0.0000,0.7124,0.7018,
4.3738,3.0342,0.0000,0.0000,0.0000,0.7176,0.6965,
4.3736,3.0409,0.0000,0.0000,0.0000,0.7124,0.7017,
4.3735,3.0475,0.0000,0.0000,0.0000,0.7124,0.7018,
4.3734,3.0542,0.0000,0.0000,0.0000,0.7124,0.7018,
4.3733,3.0609,0.0000,0.0000,0.0000,0.7124,0.7018,
4.3732,3.0676,0.0000,0.0000,0.0000,0.7124,0.7017,
4.3731,3.0742,0.0000,0.0000,0.0000,0.7124,0.7018,
4.3730,3.0809,0.0000,0.0000,0.0000,0.7124,0.7018,
4.3729,3.0876,0.0000,0.0000,0.0000,0.7124,0.7018,
4.3728,3.0943,0.0000,0.0000,0.0000,0.7124,0.7017,
4.3727,3.1009,0.0000,0.0000,0.0000,0.7176,0.6965,
4.3725,3.1076,0.0000,0.0000,0.0000,0.7124,0.7018,
4.3724,3.1143,0.0000,0.0000,0.0000,0.7124,0.7017,
4.3723,3.1209,0.0000,0.0000,0.0000,0.7124,0.7018,
4.3722,3.1276,0.0000,0.0000,0.0000,0.7124,0.7018,
4.3721,3.1343,0.0000,0.0000,0.0000,0.7124,0.7018,
4.3720,3.1410,0.0000,0.0000,0.0000,0.7124,0.7017,
4.3719,3.1476,0.0000,0.0000,0.0000,0.7124,0.7018,
4.3718,3.1543,0.0000,0.0000,0.0000,0.7124,0.7018,
4.3717,3.1610,0.0000,0.0000,0.0000,0.7124,0.7018,
4.3716,3.1677,0.0000,0.0000,0.0000,0.7124,0.7017,
4.3715,3.1743,0.0000,0.0000,0.0000,0.7176,0.6965,
4.3713,3.1810,0.0000,0.0000,0.0000,0.7124,0.7018,
4.3712,3.1877,0.0000,0.0000,0.0000,0.7124,0.7018,
4.3711,3.1944,0.0000,0.0000,0.0000,0.7124,0.7017,
4.3710,3.2010,0.0000,0.0000,0.0000,0.7124,0.7018,
4.3709,3.2077,0.0000,0.0000,0.0000,0.7124,0.7018,
4.3708,3.2144,0.0000,0.0000,0.0000,0.7124,0.7018,
4.3707,3.2211,0.0000,0.0000,0.0000,0.7124,0.7017,
4.3706,3.2277,0.0000,0.0000,0.0000,0.7124,0.7018,
4.3705,3.2344,0.0000,0.0000,0.0000,0.7124,0.7018,
4.3704,3.2411,0.0000,0.0000,0.0000,0.7124,0.7017,
4.3703,3.2477,0.0000,0.0000,0.0000,0.7176,0.6965,
4.3701,3.2544,0.0000,0.0000,0.0000,0.7124,0.7018,
4.3700,3.2611,0.0000,0.0000,0.0000,0.7124,0.7018,
4.3699,3.2678,0.0000,0.0000,0.0000,0.7124,0.7017,
4.3698,3.2744,0.0000,0.0000,0.0000,0.7124,0.7018,
4.3697,3.2811,0.0000,0.0000,0.0000,0.7124,0.7018,
4.3696,3.2878,0.0000,0.0000,0.0000,0.7124,0.7018,
4.3695,3.2945,0.0000,0.0000,0.0000,0.7124,0.7017,
4.3694,3.3011,0.0000,0.0000,0.0000,0.7124,0.7018,
4.3693,3.3078,0.0000,0.0000,0.0000,0.7124,0.7018,
4.3692,3.3145,0.0000,0.0000,0.0000,0.7124,0.7018,
4.3691,3.3212,0.0000,0.0000,0.0000,0.7177,0.6963,
4.3689,3.3278,0.0000,0.0000,0.0000,0.7124,0.7018,
4.3688,3.3345,0.0000,0.0000,0.0000,0.7124,0.7018,
4.3687,3.3412,0.0000,0.0000,0.0000,0.7124,0.7018,
4.3686,3.3479,0.0000,0.0000,0.0000,0.7124,0.7017,
4.3685,3.3545,0.0000,0.0000,0.0000,0.7124,0.7018,
4.3684,3.3612,0.0000,0.0000,0.0000,0.7124,0.7018,
4.3683,3.3679,0.0000,0.0000,0.0000,0.7124,0.7017,
4.3682,3.3745,0.0000,0.0000,0.0000,0.7124,0.7018,
4.3681,3.3812,0.0000,0.0000,0.0000,0.7124,0.7018,
4.3680,3.3879,0.0000,0.0000,0.0000,0.7176,0.6965,
4.3678,3.3946,0.0000,0.0000,0.0000,0.7124,0.7017,
4.3677,3.4012,0.0000,0.0000,0.0000,0.7124,0.7018,
4.3676,3.4079,0.0000,0.0000,0.0000,0.7124,0.7018,
4.3675,3.4146,0.0000,0.0000,0.0000,0.7124,0.7018,
4.3674,3.4213,0.0000,0.0000,0.0000,0.7124,0.7017,
4.3673,3.4279,0.0000,0.0000,0.0000,0.7124,0.7018,
4.3672,3.4346,0.0000,0.0000,0.0000,0.7124,0.7018,
4.3671,3.4413,0.0000,0.0000,0.0000,0.7124,0.7018,
4.3670,3.4480,0.0000,0.0000,0.0000,0.7124,0.7017,
4.3669,3.4546,0.0000,0.0000,0.0000,0.7124,0.7018,
4.3668,3.4613,0.0000,0.0000,0.0000,0.7176,0.6965,
4.3666,3.4680,0.0000,0.0000,0.0000,0.7124,0.7018,
4.3665,3.4747,0.0000,0.0000,0.0000,0.7124,0.7017,
4.3664,3.4813,0.0000,0.0000,0.0000,0.7124,0.7018,
4.3663,3.4880,0.0000,0.0000,0.0000,0.7124,0.7018,
4.3662,3.4947,0.0000,0.0000,0.0000,0.7124,0.7017,
4.3661,3.5013,0.0000,0.0000,0.0000,0.7124,0.7018,
4.3660,3.5080,0.0000,0.0000,0.0000,0.7124,0.7018,
4.3659,3.5147,0.0000,0.0000,0.0000,0.7124,0.7018,
4.3658,3.5214,0.0000,0.0000,0.0000,0.7124,0.7017,
4.3657,3.5280,0.0000,0.0000,0.0000,0.7124,0.7018,
4.3656,3.5347,0.0000,0.0000,0.0000,0.7176,0.6965,
4.3654,3.5414,0.0000,0.0000,0.0000,0.7124,0.7018,
4.3653,3.5481,0.0000,0.0000,0.0000,0.7124,0.7017,
4.3652,3.5547,0.0000,0.0000,0.0000,0.7124,0.7018,
4.3650,3.5681,0.0000,0.0000,0.0000,0.7219,0.6920,
4.3647,3.5752,0.0000,0.0000,0.0000,0.7270,0.6866,
4.3643,3.5822,0.0000,0.0000,0.0000,0.7219,0.6920,
4.3640,3.5893,0.0000,0.0000,0.0000,0.7267,0.6869,
4.3636,3.5964,0.0000,0.0000,0.0000,0.7219,0.6920,
4.3633,3.6035,0.0000,0.0000,0.0000,0.7267,0.6869,
4.3629,3.6106,0.0000,0.0000,0.0000,0.7221,0.6918,
4.3626,3.6176,0.0000,0.0000,0.0000,0.7267,0.6869,
4.3622,3.6247,0.0000,0.0000,0.0000,0.7243,0.6895,
4.3615,3.6389,0.0000,0.0000,0.0000,0.8002,0.5998,
4.3596,3.6454,0.0000,0.0000,0.0000,0.8044,0.5941,
4.3576,3.6519,0.0000,0.0000,0.0000,0.8002,0.5998,
4.3557,3.6584,0.0000,0.0000,0.0000,0.8044,0.5941,
4.3537,3.6649,0.0000,0.0000,0.0000,0.7990,0.6014,
4.3518,3.6715,0.0000,0.0000,0.0000,0.8002,0.5998,
4.3499,3.6780,0.0000,0.0000,0.0000,0.8044,0.5941,
4.3479,3.6845,0.0000,0.0000,0.0000,0.8002,0.5998,
4.3460,3.6910,0.0000,0.0000,0.0000,0.8044,0.5941,
4.3440,3.6975,0.0000,0.0000,0.0000,0.8017,0.5978,
4.3401,3.7106,0.0000,0.0000,0.0000,0.8797,0.4756,
4.3365,3.7161,0.0000,0.0000,0.0000,0.8807,0.4737,
4.3328,3.7217,0.0000,0.0000,0.0000,0.8807,0.4737,
4.3291,3.7273,0.0000,0.0000,0.0000,0.8807,0.4737,
4.3254,3.7329,0.0000,0.0000,0.0000,0.8807,0.4737,
4.3217,3.7385,0.0000,0.0000,0.0000,0.8777,0.4792,
4.3181,3.7441,0.0000,0.0000,0.0000,0.8807,0.4737,
4.3144,3.7497,0.0000,0.0000,0.0000,0.8807,0.4737,
4.3107,3.7553,0.0000,0.0000,0.0000,0.8827,0.4700,
4.3070,3.7608,0.0000,0.0000,0.0000,0.8777,0.4792,
4.3034,3.7664,0.0000,0.0000,0.0000,0.8807,0.4737,
4.2997,3.7720,0.0000,0.0000,0.0000,0.8807,0.4737,
4.2960,3.7776,0.0000,0.0000,0.0000,0.8807,0.4737,
4.2886,3.7888,0.0000,0.0000,0.0000,0.9440,0.3299,
4.2832,3.7931,0.0000,0.0000,0.0000,0.9406,0.3396,
4.2779,3.7975,0.0000,0.0000,0.0000,0.9440,0.3299,
4.2725,3.8018,0.0000,0.0000,0.0000,0.9421,0.3352,
4.2671,3.8062,0.0000,0.0000,0.0000,0.9440,0.3299,
4.2617,3.8105,0.0000,0.0000,0.0000,0.9440,0.3299,
4.2563,3.8148,0.0000,0.0000,0.0000,0.9421,0.3352,
4.2509,3.8192,0.0000,0.0000,0.0000,0.9440,0.3299,
4.2455,3.8235,0.0000,0.0000,0.0000,0.9421,0.3352,
4.2401,3.8279,0.0000,0.0000,0.0000,0.9425,0.3342,
4.2348,3.8322,0.0000,0.0000,0.0000,0.9421,0.3352,
4.2294,3.8366,0.0000,0.0000,0.0000,0.9440,0.3299,
4.2240,3.8409,0.0000,0.0000,0.0000,0.9431,0.3326,
4.2132,3.8496,0.0000,0.0000,0.0000,0.9788,0.2047,
4.2068,3.8524,0.0000,0.0000,0.0000,0.9788,0.2047,
4.2004,3.8552,0.0000,0.0000,0.0000,0.9801,0.1983,
4.1940,3.8579,0.0000,0.0000,0.0000,0.9788,0.2047,
4.1876,3.8607,0.0000,0.0000,0.0000,0.9788,0.2047,
4.1812,3.8635,0.0000,0.0000,0.0000,0.9788,0.2047,
4.1748,3.8663,0.0000,0.0000,0.0000,0.9788,0.2047,
4.1684,3.8691,0.0000,0.0000,0.0000,0.9796,0.2011,
4.1621,3.8718,0.0000,0.0000,0.0000,0.9788,0.2047,
4.1557,3.8746,0.0000,0.0000,0.0000,0.9788,0.2047,
4.1493,3.8774,0.0000,0.0000,0.0000,0.9788,0.2047,
4.1429,3.8802,0.0000,0.0000,0.0000,0.9801,0.1983,
4.1365,3.8829,0.0000,0.0000,0.0000,0.9788,0.2047,
4.1301,3.8857,0.0000,0.0000,0.0000,0.9788,0.2047,
4.1237,3.8885,0.0000,0.0000,0.0000,0.9788,0.2047,
4.1173,3.8913,0.0000,0.0000,0.0000,0.9795,0.2015,
4.1045,3.8968,0.0000,0.0000,0.0000,0.9987,0.0513,
4.0977,3.8975,0.0000,0.0000,0.0000,0.9987,0.0513,
4.0909,3.8982,0.0000,0.0000,0.0000,0.9987,0.0505,
4.0840,3.8989,0.0000,0.0000,0.0000,0.9990,0.0440,
4.0772,3.8995,0.0000,0.0000,0.0000,0.9987,0.0513,
4.0704,3.9002,0.0000,0.0000,0.0000,0.9987,0.0513,
4.0636,3.9009,0.0000,0.0000,0.0000,0.9987,0.0505,
4.0567,3.9016,0.0000,0.0000,0.0000,0.9990,0.0440,
4.0499,3.9022,0.0000,0.0000,0.0000,0.9987,0.0513,
4.0431,3.9029,0.0000,0.0000,0.0000,0.9987,0.0513,
4.0363,3.9036,0.0000,0.0000,0.0000,0.9991,0.0434,
4.0294,3.9042,0.0000,0.0000,0.0000,0.9987,0.0513,
4.0226,3.9049,0.0000,0.0000,0.0000,0.9987,0.0513,
4.0158,3.9056,0.0000,0.0000,0.0000,0.9987,0.0513,
4.0090,3.9063,0.0000,0.0000,0.0000,0.9991,0.0434,
4.0021,3.9069,0.0000,0.0000,0.0000,0.9987,0.0513,
3.9953,3.9076,0.0000,0.0000,0.0000,0.9987,0.0513,
3.9885,3.9083,0.0000,0.0000,0.0000,0.9987,0.0513,
3.9817,3.9090,0.0000,0.0000,0.0000,0.9991,0.0434,
3.9748,3.9096,0.0000,0.0000,0.0000,0.9987,0.0513,
3.9680,3.9103,0.0000,0.0000,0.0000,0.9987,0.0513,
3.9612,3.9110,0.0000,0.0000,0.0000,0.9990,0.0440,
3.9544,3.9116,0.0000,0.0000,0.0000,0.9987,0.0509,
3.9407,3.9130,0.0000,0.0000,0.0000,1.0000,0.0000,
3.9340,3.9130,0.0000,0.0000,0.0000,1.0000,0.0076,
3.9274,3.9131,0.0000,0.0000,0.0000,1.0000,0.0000,
3.9207,3.9131,0.0000,0.0000,0.0000,1.0000,0.0075,
3.9140,3.9132,0.0000,0.0000,0.0000,1.0000,0.0000,
3.9073,3.9132,0.0000,0.0000,0.0000,1.0000,0.0000,
3.9007,3.9132,0.0000,0.0000,0.0000,1.0000,0.0075,
3.8940,3.9133,0.0000,0.0000,0.0000,1.0000,0.0000,
3.8873,3.9133,0.0000,0.0000,0.0000,1.0000,0.0075,
3.8806,3.9134,0.0000,0.0000,0.0000,1.0000,0.0000,
3.8739,3.9134,0.0000,0.0000,0.0000,1.0000,0.0000,
3.8673,3.9134,0.0000,0.0000,0.0000,1.0000,0.0075,
3.8606,3.9135,0.0000,0.0000,0.0000,1.0000,0.0000,
3.8539,3.9135,0.0000,0.0000,0.0000,1.0000,0.0075,
3.8472,3.9136,0.0000,0.0000,0.0000,1.0000,0.0000,
3.8406,3.9136,0.0000,0.0000,0.0000,1.0000,0.0000,
3.8339,3.9136,0.0000,0.0000,0.0000,1.0000,0.0075,
3.8272,3.9137,0.0000,0.0000,0.0000,1.0000,0.0000,
3.8205,3.9137,0.0000,0.0000,0.0000,1.0000,0.0075,
3.8138,3.9138,0.0000,0.0000,0.0000,1.0000,0.0000,
3.8072,3.9138,0.0000,0.0000,0.0000,1.0000,0.0075,
3.8005,3.9139,0.0000,0.0000,0.0000,1.0000,0.0000,
3.7938,3.9139,0.0000,0.0000,0.0000,1.0000,0.0000,
3.7871,3.9139,0.0000,0.0000,0.0000,1.0000,0.0075,
3.7804,3.9140,0.0000,0.0000,0.0000,1.0000,0.0000,
3.7738,3.9140,0.0000,0.0000,0.0000,1.0000,0.0075,
3.7671,3.9141,0.0000,0.0000,0.0000,1.0000,0.0000,
3.7604,3.9141,0.0000,0.0000,0.0000,1.0000,0.0000,
3.7537,3.9141,0.0000,0.0000,0.0000,1.0000,0.0076,
3.7471,3.9142,0.0000,0.0000,0.0000,1.0000,0.0000,
3.7404,3.9142,0.0000,0.0000,0.0000,1.0000,0.0075,
3.7337,3.9143,0.0000,0.0000,0.0000,1.0000,0.0000,
3.7270,3.9143,0.0000,0.0000,0.0000,1.0000,0.0000,
3.7203,3.9143,0.0000,0.0000,0.0000,1.0000,0.0076,
3.7137,3.9144,0.0000,0.0000,0.0000,1.0000,0.0000,
3.7070,3.9144,0.0000,0.0000,0.0000,1.0000,0.0075,
3.7003,3.9145,0.0000,0.0000,0.0000,1.0000,0.0000,
3.6936,3.9145,0.0000,0.0000,0.0000,1.0000,0.0076,
3.6870,3.9146,0.0000,0.0000,0.0000,1.0000,0.0000,
3.6803,3.9146,0.0000,0.0000,0.0000,1.0000,0.0000,
3.6736,3.9146,0.0000,0.0000,0.0000,1.0000,0.0075,
3.6669,3.9147,0.0000,0.0000,0.0000,1.0000,0.0000,
3.6602,3.9147,0.0000,0.0000,0.0000,1.0000,0.0076,
3.6536,3.9148,0.0000,0.0000,0.0000,1.0000,0.0000,
3.6469,3.9148,0.0000,0.0000,0.0000,1.0000,0.0000,
3.6402,3.9148,0.0000,0.0000,0.0000,1.0000,0.0075,
3.6335,3.9149,0.0000,0.0000,0.0000,1.0000,0.0000,
3.6269,3.9149,0.0000,0.0000,0.0000,1.0000,0.0075,
3.6202,3.9150,0.0000,0.0000,0.0000,1.0000,0.0000,
3.6135,3.9150,0.0000,0.0000,0.0000,1.0000,0.0000,
3.6068,3.9150,0.0000,0.0000,0.0000,1.0000,0.0075,
3.6001,3.9151,0.0000,0.0000,0.0000,1.0000,0.0000,
3.5935,3.9151,0.0000,0.0000,0.0000,1.0000,0.0075,
3.5868,3.9152,0.0000,0.0000,0.0000,1.0000,0.0000,
3.5801,3.9152,0.0000,0.0000,0.0000,1.0000,0.0000,
3.5734,3.9152,0.0000,0.0000,0.0000,1.0000,0.0075,
3.5667,3.9153,0.0000,0.0000,0.0000,1.0000,0.0000,
3.5601,3.9153,0.0000,0.0000,0.0000,1.0000,0.0075,
3.5534,3.9154,0.0000,0.0000,0.0000,1.0000,0.0000,
3.5467,3.9154,0.0000,0.0000,0.0000,1.0000,0.0075,
3.5400,3.9155,0.0000,0.0000,0.0000,1.0000,0.0000,
3.5334,3.9155,0.0000,0.0000,0.0000,1.0000,0.0000,
3.5267,3.9155,0.0000,0.0000,0.0000,1.0000,0.0075,
3.5200,3.9156,0.0000,0.0000,0.0000,1.0000,0.0000,
3.5133,3.9156,0.0000,0.0000,0.0000,1.0000,0.0075,
3.5066,3.9157,0.0000,0.0000,0.0000,1.0000,0.0000,
3.5000,3.9157,0.0000,0.0000,0.0000,1.0000,0.0000,
3.4933,3.9157,0.0000,0.0000,0.0000,1.0000,0.0075,
3.4866,3.9158,0.0000,0.0000,0.0000,1.0000,0.0000,
3.4799,3.9158,0.0000,0.0000,0.0000,1.0000,0.0076,
3.4733,3.9159,0.0000,0.0000,0.0000,1.0000,0.0000,
3.4666,3.9159,0.0000,0.0000,0.0000,1.0000,0.0000,
3.4599,3.9159,0.0000,0.0000,0.0000,1.0000,0.0075,
3.4532,3.9160,0.0000,0.0000,0.0000,1.0000,0.0000,
3.4465,3.9160,0.0000,0.0000,0.0000,1.0000,0.0076,
3.4399,3.9161,0.0000,0.0000,0.0000,1.0000,0.0000,
3.4332,3.9161,0.0000,0.0000,0.0000,1.0000,0.0000,
3.4265,3.9161,0.0000,0.0000,0.0000,1.0000,0.0075,
3.4198,3.9162,0.0000,0.0000,0.0000,1.0000,0.0000,
3.4132,3.9162,0.0000,0.0000,0.0000,1.0000,0.0075,
3.4065,3.9163,0.0000,0.0000,0.0000,1.0000,0.0000,
3.3998,3.9163,0.0000,0.0000,0.0000,1.0000,0.0075,
3.3931,3.9164,0.0000,0.0000,0.0000,1.0000,0.0000,
3.3864,3.9164,0.0000,0.0000,0.0000,1.0000,0.0000,
3.3798,3.9164,0.0000,0.0000,0.0000,1.0000,0.0075,
3.3731,3.9165,0.0000,0.0000,0.0000,1.0000,0.0000,
3.3664,3.9165,0.0000,0.0000,0.0000,1.0000,0.0075,
3.3597,3.9166,0.0000,0.0000,0.0000,1.0000,0.0000,
3.3530,3.9166,0.0000,0.0000,0.0000,1.0000,0.0000,
3.3464,3.9166,0.0000,0.0000,0.0000,1.0000,0.0075,
3.3397,3.9167,0.0000,0.0000,0.0000,1.0000,0.0000,
3.3330,3.9167,0.0000,0.0000,0.0000,1.0000,0.0075,
3.3263,3.9168,0.0000,0.0000,0.0000,1.0000,0.0000,
3.3197,3.9168,0.0000,0.0000,0.0000,1.0000,0.0000,
3.3130,3.9168,0.0000,0.0000,0.0000,1.0000,0.0075,
3.3063,3.9169,0.0000,0.0000,0.0000,1.0000,0.0000,
3.2996,3.9169,0.0000,0.0000,0.0000,1.0000,0.0075,
3.2929,3.9170,0.0000,0.0000,0.0000,1.0000,0.0000,
3.2863,3.9170,0.0000,0.0000,0.0000,1.0000,0.0000,
3.2796,3.9170,0.0000,0.0000,0.0000,1.0000,0.0075,
3.2729,3.9171,0.0000,0.0000,0.0000,1.0000,0.0000,
3.2662,3.9171,0.0000,0.0000,0.0000,1.0000,0.0076,
3.2596,3.9172,0.0000,0.0000,0.0000,1.0000,0.0000,
3.2529,3.9172,0.0000,0.0000,0.0000,1.0000,0.0075,
3.2462,3.9173,0.0000,0.0000,0.0000,1.0000,0.0000,
3.2395,3.9173,0.0000,0.0000,0.0000,1.0000,0.0000,
3.2328,3.9173,0.0000,0.0000,0.0000,1.0000,0.0076,
3.2262,3.9174,0.0000,0.0000,0.0000,1.0000,0.0000,
3.2195,3.9174,0.0000,0.0000,0.0000,1.0000,0.0075,
3.2128,3.9175,0.0000,0.0000,0.0000,1.0000,0.0000,
3.2061,3.9175,0.0000,0.0000,0.0000,1.0000,0.0000,
3.1995,3.9175,0.0000,0.0000,0.0000,1.0000,0.0075,
3.1928,3.9176,0.0000,0.0000,0.0000,1.0000,0.0000,
3.1861,3.9176,0.0000,0.0000,0.0000,1.0000,0.0075,
3.1794,3.9177,0.0000,0.0000,0.0000,1.0000,0.0000,
3.1727,3.9177,0.0000,0.0000,0.0000,1.0000,0.0000,
3.1661,3.9177,0.0000,0.0000,0.0000,1.0000,0.0075,
3.1594,3.9178,0.0000,0.0000,0.0000,1.0000,0.0000,
3.1527,3.9178,0.0000,0.0000,0.0000,1.0000,0.0075,
3.1460,3.9179,0.0000,0.0000,0.0000,1.0000,0.0000,
3.1393,3.9179,0.0000,0.0000,0.0000,1.0000,0.0076,
3.1327,3.9180,0.0000,0.0000,0.0000,1.0000,0.0000,
3.1260,3.9180,0.0000,0.0000,0.0000,1.0000,0.0000,
3.1193,3.9180,0.0000,0.0000,0.0000,1.0000,0.0075,
3.1126,3.9181,0.0000,0.0000,0.0000,1.0000,0.0000,
3.1060,3.9181,0.0000,0.0000,0.0000,1.0000,0.0075,
3.0993,3.9182,0.0000,0.0000,0.0000,1.0000,0.0000,
3.0926,3.9182,0.0000,0.0000,0.0000,1.0000,0.0000,
3.0859,3.9182,0.0000,0.0000,0.0000,1.0000,0.0075,
3.0792,3.9183,0.0000,0.0000,0.0000,1.0000,0.0000,
3.0726,3.9183,0.0000,0.0000,0.0000,1.0000,0.0075,
3.0659,3.9184,0.0000,0.0000,0.0000,1.0000,0.0000,
3.0592,3.9184,0.0000,0.0000,0.0000,1.0000,0.0000,
3.0525,3.9184,0.0000,0.0000,0.0000,1.0000,0.0076,
3.0459,3.9185,0.0000,0.0000,0.0000,1.0000,0.0000,
3.0392,3.9185,0.0000,0.0000,0.0000,1.0000,0.0075,
3.0325,3.9186,0.0000,0.0000,0.0000,1.0000,0.0000,
3.0258,3.9186,0.0000,0.0000,0.0000,1.0000,0.0000,
3.0191,3.9186,0.0000,0.0000,0.0000,1.0000,0.0076,
3.0125,3.9187,0.0000,0.0000,0.0000,1.0000,0.0000,
3.0058,3.9187,0.0000,0.0000,0.0000,1.0000,0.0075,
2.9991,3.9188,0.0000,0.0000,0.0000,1.0000,0.0000,
2.9924,3.9188,0.0000,0.0000,0.0000,1.0000,0.0076,
2.9858,3.9189,0.0000,0.0000,0.0000,1.0000,0.0000,
2.9791,3.9189,0.0000,0.0000,0.0000,1.0000,0.0000,
2.9724,3.9189,0.0000,0.0000,0.0000,1.0000,0.0075,
2.9657,3.9190,0.0000,0.0000,0.0000,1.0000,0.0000,
2.9590,3.9190,0.0000,0.0000,0.0000,1.0000,0.0076,
2.9524,3.9191,0.0000,0.0000,0.0000,1.0000,0.0000,
2.9457,3.9191,0.0000,0.0000,0.0000,1.0000,0.0000,
2.9390,3.9191,0.0000,0.0000,0.0000,1.0000,0.0075,
2.9323,3.9192,0.0000,0.0000,0.0000,1.0000,0.0000,
2.9256,3.9192,0.0000,0.0000,0.0000,1.0000,0.0076,
2.9190,3.9193,0.0000,0.0000,0.0000,1.0000,0.0000,
2.9123,3.9193,0.0000,0.0000,0.0000,1.0000,0.0000,
2.9056,3.9193,0.0000,0.0000,0.0000,1.0000,0.0075,
2.8989,3.9194,0.0000,0.0000,0.0000,1.0000,0.0000,
2.8923,3.9194,0.0000,0.0000,0.0000,1.0000,0.0075,
2.8856,3.9195,0.0000,0.0000,0.0000,1.0000,0.0000,
2.8789,3.9195,0.0000,0.0000,0.0000,1.0000,0.0000,
2.8722,3.9195,0.0000,0.0000,0.0000,1.0000,0.0075,
2.8655,3.9196,0.0000,0.0000,0.0000,1.0000,0.0000,
2.8589,3.9196,0.0000,0.0000,0.0000,1.0000,0.0075,
2.8522,3.9197,0.0000,0.0000,0.0000,1.0000,0.0000,
2.8455,3.9197,0.0000,0.0000,0.0000,1.0000,0.0075,
2.8388,3.9198,0.0000,0.0000,0.0000,1.0000,0.0000,
2.8322,3.9198,0.0000,0.0000,0.0000,1.0000,0.0000,
2.8255,3.9198,0.0000,0.0000,0.0000,1.0000,0.0075,
2.8188,3.9199,0.0000,0.0000,0.0000,1.0000,0.0000,
2.8121,3.9199,0.0000,0.0000,0.0000,1.0000,0.0075,
2.8054,3.9200,0.0000,0.0000,0.0000,1.0000,0.0000,
2.7988,3.9200,0.0000,0.0000,0.0000,1.0000,0.0000,
2.7921,3.9200,0.0000,0.0000,0.0000,1.0000,0.0075,
2.7854,3.9201,0.0000,0.0000,0.0000,1.0000,0.0000,
2.7787,3.9201,0.0000,0.0000,0.0000,1.0000,0.0076,
2.7721,3.9202,0.0000,0.0000,0.0000,1.0000,0.0000,
2.7654,3.9202,0.0000,0.0000,0.0000,1.0000,0.0000,
2.7587,3.9202,0.0000,0.0000,0.0000,1.0000,0.0075,
2.7520,3.9203,0.0000,0.0000,0.0000,1.0000,0.0000,
2.7453,3.9203,0.0000,0.0000,0.0000,1.0000,0.0076,
2.7387,3.9204,0.0000,0.0000,0.0000,1.0000,0.0000,
2.7320,3.9204,0.0000,0.0000,0.0000,1.0000,0.0000,
2.7253,3.9204,0.0000,0.0000,0.0000,1.0000,0.0075,
2.7186,3.9205,0.0000,0.0000,0.0000,1.0000,0.0000,
2.7119,3.9205,0.0000,0.0000,0.0000,1.0000,0.0076,
2.7053,3.9206,0.0000,0.0000,0.0000,1.0000,0.0000,
2.6986,3.9206,0.0000,0.0000,0.0000,1.0000,0.0075,
2.6919,3.9207,0.0000,0.0000,0.0000,1.0000,0.0000,
2.6852,3.9207,0.0000,0.0000,0.0000,1.0000,0.0000,
2.6786,3.9207,0.0000,0.0000,0.0000,1.0000,0.0075,
2.6719,3.9208,0.0000,0.0000,0.0000,1.0000,0.0000,
2.6652,3.9208,0.0000,0.0000,0.0000,1.0000,0.0075,
2.6585,3.9209,0.0000,0.0000,0.0000,1.0000,0.0000,
2.6518,3.9209,0.0000,0.0000,0.0000,1.0000,0.0000,
2.6452,3.9209,0.0000,0.0000,0.0000,1.0000,0.0075,
2.6385,3.9210,0.0000,0.0000,0.0000,1.0000,0.0000,
2.6318,3.9210,0.0000,0.0000,0.0000,1.0000,0.0075,
2.6251,3.9211,0.0000,0.0000,0.0000,1.0000,0.0000,
2.6185,3.9211,0.0000,0.0000,0.0000,1.0000,0.0000,
2.6118,3.9211,0.0000,0.0000,0.0000,1.0000,0.0075,
2.6051,3.9212,0.0000,0.0000,0.0000,1.0000,0.0000,
2.5984,3.9212,0.0000,0.0000,0.0000,1.0000,0.0075,
2.5917,3.9213,0.0000,0.0000,0.0000,1.0000,0.0000,
2.5851,3.9213,0.0000,0.0000,0.0000,1.0000,0.0000,
2.5784,3.9213,0.0000,0.0000,0.0000,1.0000,0.0075,
2.5717,3.9214,0.0000,0.0000,0.0000,1.0000,0.0000,
2.5650,3.9214,0.0000,0.0000,0.0000,1.0000,0.0076,
2.5584,3.9215,0.0000,0.0000,0.0000,1.0000,0.0000,
2.5517,3.9215,0.0000,0.0000,0.0000,1.0000,0.0075,
2.5450,3.9216,0.0000,0.0000,0.0000,1.0000,0.0000,
2.5383,3.9216,0.0000,0.0000,0.0000,1.0000,0.0000,
2.5316,3.9216,0.0000,0.0000,0.0000,1.0000,0.0076,
2.5250,3.9217,0.0000,0.0000,0.0000,1.0000,0.0000,
2.5183,3.9217,0.0000,0.0000,0.0000,1.0000,0.0075,
2.5116,3.9218,0.0000,0.0000,0.0000,1.0000,0.0000,
2.5049,3.9218,0.0000,0.0000,0.0000,1.0000,0.0000,
2.4982,3.9218,0.0000,0.0000,0.0000,1.0000,0.0076,
2.4916,3.9219,0.0000,0.0000,0.0000,1.0000,0.0000,
2.4849,3.9219,0.0000,0.0000,0.0000,1.0000,0.0075,
2.4782,3.9220,0.0000,0.0000,0.0000,1.0000,0.0000,
2.4715,3.9220,0.0000,0.0000,0.0000,1.0000,0.0000,
2.4649,3.9220,0.0000,0.0000,0.0000,1.0000,0.0075,
2.4582,3.9221,0.0000,0.0000,0.0000,1.0000,0.0000,
2.4515,3.9221,0.0000,0.0000,0.0000,1.0000,0.0075,
2.4448,3.9222,0.0000,0.0000,0.0000,1.0000,0.0000,
2.4381,3.9222,0.0000,0.0000,0.0000,1.0000,0.0076,
2.4315,3.9223,0.0000,0.0000,0.0000,1.0000,0.0000,
2.4248,3.9223,0.0000,0.0000,0.0000,1.0000,0.0000,
2.4181,3.9223,0.0000,0.0000,0.0000,1.0000,0.0075,
2.4114,3.9224,0.0000,0.0000,0.0000,1.0000,0.0000,
2.4048,3.9224,0.0000,0.0000,0.0000,1.0000,0.0075,
2.3981,3.9225,0.0000,0.0000,0.0000,1.0000,0.0000,
2.3914,3.9225,0.0000,0.0000,0.0000,1.0000,0.0000,
2.3847,3.9225,0.0000,0.0000,0.0000,1.0000,0.0075,
2.3780,3.9226,0.0000,0.0000,0.0000,1.0000,0.0000,
2.3714,3.9226,0.0000,0.0000,0.0000,1.0000,0.0075,
2.3647,3.9227,0.0000,0.0000,0.0000,1.0000,0.0000,
2.3580,3.9227,0.0000,0.0000,0.0000,1.0000,0.0000,
2.3513,3.9227,0.0000,0.0000,0.0000,1.0000,0.0076,
2.3447,3.9228,0.0000,0.0000,0.0000,1.0000,0.0000,
2.3380,3.9228,0.0000,0.0000,0.0000,1.0000,0.0075,
2.3313,3.9229,0.0000,0.0000,0.0000,1.0000,0.0000,
2.3246,3.9229,0.0000,0.0000,0.0000,1.0000,0.0000,
2.3179,3.9229,0.0000,0.0000,0.0000,1.0000,0.0076,
2.3113,3.9230,0.0000,0.0000,0.0000,1.0000,0.0000,
2.3046,3.9230,0.0000,0.0000,0.0000,1.0000,0.0075,
2.2979,3.9231,0.0000,0.0000,0.0000,1.0000,0.0000,
2.2912,3.9231,0.0000,0.0000,0.0000,1.0000,0.0075,
2.2845,3.9232,0.0000,0.0000,0.0000,1.0000,0.0000,
2.2779,3.9232,0.0000,0.0000,0.0000,1.0000,0.0000,
2.2712,3.9232,0.0000,0.0000,0.0000,1.0000,0.0075,
2.2645,3.9233,0.0000,0.0000,0.0000,1.0000,0.0000,
2.2578,3.9233,0.0000,0.0000,0.0000,1.0000,0.0076,
2.2512,3.9234,0.0000,0.0000,0.0000,1.0000,0.0000,
2.2445,3.9234,0.0000,0.0000,0.0000,1.0000,0.0000,
2.2378,3.9234,0.0000,0.0000,0.0000,1.0000,0.0075,
2.2311,3.9235,0.0000,0.0000,0.0000,1.0000,0.0000,
2.2244,3.9235,0.0000,0.0000,0.0000,1.0000,0.0076,
2.2178,3.9236,0.0000,0.0000,0.0000,1.0000,0.0000,
2.2111,3.9236,0.0000,0.0000,0.0000,1.0000,0.0000,
2.2044,3.9236,0.0000,0.0000,0.0000,1.0000,0.0075,
2.1977,3.9237,0.0000,0.0000,0.0000,1.0000,0.0000,
2.1911,3.9237,0.0000,0.0000,0.0000,1.0000,0.0075,
2.1844,3.9238,0.0000,0.0000,0.0000,1.0000,0.0000,
2.1777,3.9238,0.0000,0.0000,0.0000,1.0000,0.0000,
2.1710,3.9238,0.0000,0.0000,0.0000,1.0000,0.0075,
2.1643,3.9239,0.0000,0.0000,0.0000,1.0000,0.0000,
2.1577,3.9239,0.0000,0.0000,0.0000,1.0000,0.0075,
2.1510,3.9240,0.0000,0.0000,0.0000,1.0000,0.0000,
2.1443,3.9240,0.0000,0.0000,0.0000,1.0000,0.0075,
2.1376,3.9241,0.0000,0.0000,0.0000,1.0000,0.0000,
2.1310,3.9241,0.0000,0.0000,0.0000,1.0000,0.0000,
2.1243,3.9241,0.0000,0.0000,0.0000,1.0000,0.0075,
2.1176,3.9242,0.0000,0.0000,0.0000,1.0000,0.0000,
2.1109,3.9242,0.0000,0.0000,0.0000,1.0000,0.0075,
2.1042,3.9243,0.0000,0.0000,0.0000,1.0000,0.0000,
2.0976,3.9243,0.0000,0.0000,0.0000,1.0000,0.0000,
2.0909,3.9243,0.0000,0.0000,0.0000,1.0000,0.0075,
2.0842,3.9244,0.0000,0.0000,0.0000,1.0000,0.0000,
2.0775,3.9244,0.0000,0.0000,0.0000,1.0000,0.0075,
2.0708,3.9245,0.0000,0.0000,0.0000,1.0000,0.0000,
2.0642,3.9245,0.0000,0.0000,0.0000,1.0000,0.0000,
2.0575,3.9245,0.0000,0.0000,0.0000,1.0000,0.0075,
2.0508,3.9246,0.0000,0.0000,0.0000,1.0000,0.0038,
2.0375,3.9247,0.0000,0.0000,0.0000,-0.9837,0.1801,
2.0309,3.9222,0.0000,0.0000,0.0000,-0.9837,0.1801,
2.0243,3.9197,0.0000,0.0000,0.0000,-0.9837,0.1801,
2.0177,3.9172,0.0000,0.0000,0.0000,-0.9848,0.1735,
2.0111,3.9148,0.0000,0.0000,0.0000,-0.9837,0.1801,
2.0045,3.9123,0.0000,0.0000,0.0000,-0.9837,0.1801,
1.9979,3.9098,0.0000,0.0000,0.0000,-0.9837,0.1801,
1.9913,3.9073,0.0000,0.0000,0.0000,-0.9837,0.1801,
1.9847,3.9048,0.0000,0.0000,0.0000,-0.9842,0.1768,
1.9715,3.8999,0.0000,0.0000,0.0000,-0.9644,0.2645,
1.9656,3.8964,0.0000,0.0000,0.0000,-0.9644,0.2645,
1.9597,3.8929,0.0000,0.0000,0.0000,-0.9634,0.2682,
1.9539,3.8894,0.0000,0.0000,0.0000,-0.9644,0.2645,
1.9480,3.8859,0.0000,0.0000,0.0000,-0.9644,0.2645,
1.9421,3.8824,0.0000,0.0000,0.0000,-0.9644,0.2645,
1.9362,3.8789,0.0000,0.0000,0.0000,-0.9634,0.2682,
1.9304,3.8754,0.0000,0.0000,0.0000,-0.9644,0.2645,
1.9245,3.8719,0.0000,0.0000,0.0000,-0.9644,0.2645,
1.9186,3.8684,0.0000,0.0000,0.0000,-0.9651,0.2620,
1.9128,3.8650,0.0000,0.0000,0.0000,-0.9644,0.2645,
1.9069,3.8615,0.0000,0.0000,0.0000,-0.9644,0.2645,
1.9010,3.8580,0.0000,0.0000,0.0000,-0.9644,0.2645,
1.8951,3.8545,0.0000,0.0000,0.0000,-0.9634,0.2682,
1.8893,3.8510,0.0000,0.0000,0.0000,-0.9644,0.2645,
1.8775,3.8440,0.0000,0.0000,0.0000,-0.9155,0.4022,
1.8730,3.8391,0.0000,0.0000,0.0000,-0.9177,0.3972,
1.8684,3.8342,0.0000,0.0000,0.0000,-0.9177,0.3972,
1.8638,3.8293,0.0000,0.0000,0.0000,-0.9155,0.4022,
1.8593,3.8244,0.0000,0.0000,0.0000,-0.9177,0.3972,
1.8547,3.8195,0.0000,0.0000,0.0000,-0.9177,0.3972,
1.8501,3.8146,0.0000,0.0000,0.0000,-0.9155,0.4022,
1.8456,3.8097,0.0000,0.0000,0.0000,-0.9177,0.3972,
1.8410,3.8048,0.0000,0.0000,0.0000,-0.9155,0.4022,
1.8365,3.7999,0.0000,0.0000,0.0000,-0.9177,0.3972,
1.8319,3.7950,0.0000,0.0000,0.0000,-0.9177,0.3972,
1.8273,3.7901,0.0000,0.0000,0.0000,-0.9155,0.4022,
1.8228,3.7852,0.0000,0.0000,0.0000,-0.9177,0.3972,
1.8182,3.7803,0.0000,0.0000,0.0000,-0.9177,0.3972,
1.8136,3.7754,0.0000,0.0000,0.0000,-0.9155,0.4022,
1.8091,3.7705,0.0000,0.0000,0.0000,-0.9177,0.3972,
1.8045,3.7656,0.0000,0.0000,0.0000,-0.9155,0.4022,
1.8000,3.7607,0.0000,0.0000,0.0000,-0.9177,0.3972,
1.7954,3.7558,0.0000,0.0000,0.0000,-0.9177,0.3972,
1.7908,3.7509,0.0000,0.0000,0.0000,-0.9166,0.3997,
1.7817,3.7411,0.0000,0.0000,0.0000,-0.8456,0.5339,
1.7787,3.7348,0.0000,0.0000,0.0000,-0.8085,0.5885,
1.7766,3.7283,0.0000,0.0000,0.0000,-0.8085,0.5885,
1.7745,3.7218,0.0000,0.0000,0.0000,-0.8085,0.5885,
1.7724,3.7153,0.0000,0.0000,0.0000,-0.8099,0.5866,
1.7703,3.7089,0.0000,0.0000,0.0000,-0.8085,0.5885,
1.7682,3.7024,0.0000,0.0000,0.0000,-0.8085,0.5885,
1.7661,3.6959,0.0000,0.0000,0.0000,-0.8085,0.5885,
1.7640,3.6894,0.0000,0.0000,0.0000,-0.8085,0.5885,
1.7619,3.6829,0.0000,0.0000,0.0000,-0.8085,0.5885,
1.7598,3.6764,0.0000,0.0000,0.0000,-0.8099,0.5866,
1.7577,3.6700,0.0000,0.0000,0.0000,-0.8085,0.5885,
1.7556,3.6635,0.0000,0.0000,0.0000,-0.8085,0.5885,
1.7535,3.6570,0.0000,0.0000,0.0000,-0.8085,0.5885,
1.7514,3.6505,0.0000,0.0000,0.0000,-0.8085,0.5885,
1.7493,3.6440,0.0000,0.0000,0.0000,-0.8085,0.5885,
1.7472,3.6375,0.0000,0.0000,0.0000,-0.8085,0.5885,
1.7451,3.6310,0.0000,0.0000,0.0000,-0.8099,0.5866,
1.7430,3.6246,0.0000,0.0000,0.0000,-0.8085,0.5885,
1.7388,3.6116,0.0000,0.0000,0.0000,-0.7742,0.6329,
1.7374,3.6047,0.0000,0.0000,0.0000,-0.7698,0.6383,
1.7361,3.5978,0.0000,0.0000,0.0000,-0.7751,0.6318,
1.7347,3.5910,0.0000,0.0000,0.0000,-0.7742,0.6329,
1.7333,3.5841,0.0000,0.0000,0.0000,-0.7742,0.6329,
1.7319,3.5772,0.0000,0.0000,0.0000,-0.7742,0.6329,
1.7305,3.5703,0.0000,0.0000,0.0000,-0.7698,0.6383,
1.7292,3.5634,0.0000,0.0000,0.0000,-0.7751,0.6318,
1.7278,3.5566,0.0000,0.0000,0.0000,-0.7742,0.6329,
1.7264,3.5497,0.0000,0.0000,0.0000,-0.7742,0.6329,
1.7250,3.5428,0.0000,0.0000,0.0000,-0.7698,0.6383,
1.7237,3.5359,0.0000,0.0000,0.0000,-0.7747,0.6324,
1.7209,3.5222,0.0000,0.0000,0.0000,-0.7124,0.7018,
1.7208,3.5155,0.0000,0.0000,0.0000,-0.7124,0.7018,
1.7207,3.5088,0.0000,0.0000,0.0000,-0.7124,0.7018,
1.7206,3.5021,0.0000,0.0000,0.0000,-0.7123,0.7019,
1.7205,3.4953,0.0000,0.0000,0.0000,-0.7124,0.7018,
1.7204,3.4886,0.0000,0.0000,0.0000,-0.7124,0.7018,
1.7203,3.4819,0.0000,0.0000,0.0000,-0.7124,0.7018,
1.7202,3.4752,0.0000,0.0000,0.0000,-0.7124,0.7018,
1.7201,3.4685,0.0000,0.0000,0.0000,-0.7071,0.7071,
1.7201,3.4618,0.0000,0.0000,0.0000,-0.7124,0.7018,
1.7200,3.4551,0.0000,0.0000,0.0000,-0.7124,0.7018,
1.7199,3.4484,0.0000,0.0000,0.0000,-0.7124,0.7018,
1.7198,3.4417,0.0000,0.0000,0.0000,-0.7124,0.7018,
1.7197,3.4350,0.0000,0.0000,0.0000,-0.7124,0.7018,
1.7196,3.4283,0.0000,0.0000,0.0000,-0.7124,0.7018,
1.7195,3.4216,0.0000,0.0000,0.0000,-0.7124,0.7018,
1.7194,3.4149,0.0000,0.0000,0.0000,-0.7124,0.7018,
1.7193,3.4082,0.0000,0.0000,0.0000,-0.7124,0.7018,
1.7192,3.4015,0.0000,0.0000,0.0000,-0.7124,0.7018,
1.7191,3.3948,0.0000,0.0000,0.0000,-0.7124,0.7018,
1.7190,3.3881,0.0000,0.0000,0.0000,-0.7123,0.7019,
1.7189,3.3813,0.0000,0.0000,0.0000,-0.7124,0.7018,
1.7188,3.3746,0.0000,0.0000,0.0000,-0.7124,0.7018,
1.7187,3.3679,0.0000,0.0000,0.0000,-0.7071,0.7071,
1.7187,3.3612,0.0000,0.0000,0.0000,-0.7124,0.7018,
1.7186,3.3545,0.0000,0.0000,0.0000,-0.7124,0.7018,
1.7185,3.3478,0.0000,0.0000,0.0000,-0.7124,0.7018,
1.7184,3.3411,0.0000,0.0000,0.0000,-0.7124,0.7018,
1.7183,3.3344,0.0000,0.0000,0.0000,-0.7124,0.7018,
1.7182,3.3277,0.0000,0.0000,0.0000,-0.7124,0.7018,
1.7181,3.3210,0.0000,0.0000,0.0000,-0.7124,0.7018,
1.7180,3.3143,0.0000,0.0000,0.0000,-0.7124,0.7018,
1.7179,3.3076,0.0000,0.0000,0.0000,-0.7124,0.7018,
1.7178,3.3009,0.0000,0.0000,0.0000,-0.7124,0.7018,
1.7177,3.2942,0.0000,0.0000,0.0000,-0.7124,0.7018,
1.7176,3.2875,0.0000,0.0000,0.0000,-0.7124,0.7018,
1.7175,3.2808,0.0000,0.0000,0.0000,-0.7123,0.7019,
1.7174,3.2740,0.0000,0.0000,0.0000,-0.7124,0.7018,
1.7173,3.2673,0.0000,0.0000,0.0000,-0.7124,0.7018,
1.7172,3.2606,0.0000,0.0000,0.0000,-0.7071,0.7071,
1.7172,3.2539,0.0000,0.0000,0.0000,-0.7124,0.7018,
1.7171,3.2472,0.0000,0.0000,0.0000,-0.7124,0.7018,
1.7170,3.2405,0.0000,0.0000,0.0000,-0.7124,0.7018,
1.7169,3.2338,0.0000,0.0000,0.0000,-0.7124,0.7018,
1.7168,3.2271,0.0000,0.0000,0.0000,-0.7124,0.7018,
1.7167,3.2204,0.0000,0.0000,0.0000,-0.7124,0.7018,
1.7166,3.2137,0.0000,0.0000,0.0000,-0.7124,0.7018,
1.7165,3.2070,0.0000,0.0000,0.0000,-0.7124,0.7018,
1.7164,3.2003,0.0000,0.0000,0.0000,-0.7124,0.7018,
1.7163,3.1936,0.0000,0.0000,0.0000,-0.7124,0.7018,
1.7162,3.1869,0.0000,0.0000,0.0000,-0.7124,0.7018,
1.7161,3.1802,0.0000,0.0000,0.0000,-0.7124,0.7018,
1.7160,3.1735,0.0000,0.0000,0.0000,-0.7124,0.7018,
1.7159,3.1668,0.0000,0.0000,0.0000,-0.7123,0.7019,
1.7158,3.1600,0.0000,0.0000,0.0000,-0.7071,0.7071,
1.7158,3.1533,0.0000,0.0000,0.0000,-0.7124,0.7018,
1.7157,3.1466,0.0000,0.0000,0.0000,-0.7124,0.7018,
1.7156,3.1399,0.0000,0.0000,0.0000,-0.7124,0.7018,
1.7155,3.1332,0.0000,0.0000,0.0000,-0.7124,0.7018,
1.7154,3.1265,0.0000,0.0000,0.0000,-0.7124,0.7018,
1.7153,3.1198,0.0000,0.0000,0.0000,-0.7124,0.7018,
1.7152,3.1131,0.0000,0.0000,0.0000,-0.7124,0.7018,
1.7151,3.1064,0.0000,0.0000,0.0000,-0.7124,0.7018,
1.7150,3.0997,0.0000,0.0000,0.0000,-0.7124,0.7018,
1.7149,3.0930,0.0000,0.0000,0.0000,-0.7124,0.7018,
1.7148,3.0863,0.0000,0.0000,0.0000,-0.7124,0.7018,
1.7147,3.0796,0.0000,0.0000,0.0000,-0.7124,0.7018,
1.7146,3.0729,0.0000,0.0000,0.0000,-0.7124,0.7018,
1.7145,3.0662,0.0000,0.0000,0.0000,-0.7124,0.7018,
1.7144,3.0595,0.0000,0.0000,0.0000,-0.7124,0.7018,
1.7143,3.0528,0.0000,0.0000,0.0000,-0.7071,0.7071,
1.7143,3.0460,0.0000,0.0000,0.0000,-0.7124,0.7018,
1.7142,3.0393,0.0000,0.0000,0.0000,-0.7124,0.7018,
1.7141,3.0326,0.0000,0.0000,0.0000,-0.7124,0.7018,
1.7140,3.0259,0.0000,0.0000,0.0000,-0.7124,0.7018,
1.7139,3.0192,0.0000,0.0000,0.0000,-0.7124,0.7018,
1.7138,3.0125,0.0000,0.0000,0.0000,-0.7124,0.7018,
1.7137,3.0058,0.0000,0.0000,0.0000,-0.7124,0.7018,
1.7136,2.9991,0.0000,0.0000,0.0000,-0.7124,0.7018,
1.7135,2.9924,0.0000,0.0000,0.0000,-0.7124,0.7018,
1.7134,2.9857,0.0000,0.0000,0.0000,-0.7124,0.7018,
1.7133,2.9790,0.0000,0.0000,0.0000,-0.7124,0.7018,
1.7132,2.9723,0.0000,0.0000,0.0000,-0.7124,0.7018,
1.7131,2.9656,0.0000,0.0000,0.0000,-0.7124,0.7018,
1.7130,2.9589,0.0000,0.0000,0.0000,-0.7124,0.7018,
1.7129,2.9522,0.0000,0.0000,0.0000,-0.7071,0.7071,
1.7129,2.9455,0.0000,0.0000,0.0000,-0.7124,0.7018,
1.7128,2.9388,0.0000,0.0000,0.0000,-0.7123,0.7019,
1.7127,2.9320,0.0000,0.0000,0.0000,-0.7124,0.7018,
1.7126,2.9253,0.0000,0.0000,0.0000,-0.7124,0.7018,
1.7125,2.9186,0.0000,0.0000,0.0000,-0.7124,0.7018,
1.7124,2.9119,0.0000,0.0000,0.0000,-0.7124,0.7018,
1.7123,2.9052,0.0000,0.0000,0.0000,-0.7124,0.7018,
1.7122,2.8985,0.0000,0.0000,0.0000,-0.7124,0.7018,
1.7121,2.8918,0.0000,0.0000,0.0000,-0.7124,0.7018,
1.7120,2.8851,0.0000,0.0000,0.0000,-0.7124,0.7018,
1.7119,2.8784,0.0000,0.0000,0.0000,-0.7124,0.7018,
1.7118,2.8717,0.0000,0.0000,0.0000,-0.7124,0.7018,
1.7117,2.8650,0.0000,0.0000,0.0000,-0.7124,0.7018,
1.7116,2.8583,0.0000,0.0000,0.0000,-0.7124,0.7018,
1.7115,2.8516,0.0000,0.0000,0.0000,-0.7124,0.7018,
1.7114,2.8449,0.0000,0.0000,0.0000,-0.7071,0.7071,
1.7114,2.8382,0.0000,0.0000,0.0000,-0.7124,0.7018,
1.7113,2.8315,0.0000,0.0000,0.0000,-0.7123,0.7019,
1.7112,2.8247,0.0000,0.0000,0.0000,-0.7124,0.7018,
1.7111,2.8180,0.0000,0.0000,0.0000,-0.7124,0.7018,
1.7110,2.8113,0.0000,0.0000,0.0000,-0.7124,0.7018,
1.7109,2.8046,0.0000,0.0000,0.0000,-0.7124,0.7018,
1.7108,2.7979,0.0000,0.0000,0.0000,-0.7124,0.7018,
1.7107,2.7912,0.0000,0.0000,0.0000,-0.7124,0.7018,
1.7106,2.7845,0.0000,0.0000,0.0000,-0.7124,0.7018,
1.7105,2.7778,0.0000,0.0000,0.0000,-0.7124,0.7018,
1.7104,2.7711,0.0000,0.0000,0.0000,-0.7124,0.7018,
1.7103,2.7644,0.0000,0.0000,0.0000,-0.7124,0.7018,
1.7102,2.7577,0.0000,0.0000,0.0000,-0.7124,0.7018,
1.7101,2.7510,0.0000,0.0000,0.0000,-0.7124,0.7018,
1.7100,2.7443,0.0000,0.0000,0.0000,-0.7124,0.7018,
1.7099,2.7376,0.0000,0.0000,0.0000,-0.7071,0.7071,
1.7099,2.7309,0.0000,0.0000,0.0000,-0.7124,0.7018,
1.7098,2.7242,0.0000,0.0000,0.0000,-0.7124,0.7018,
1.7097,2.7175,0.0000,0.0000,0.0000,-0.7123,0.7019,
1.7096,2.7107,0.0000,0.0000,0.0000,-0.7124,0.7018,
1.7095,2.7040,0.0000,0.0000,0.0000,-0.7124,0.7018,
1.7094,2.6973,0.0000,0.0000,0.0000,-0.7124,0.7018,
1.7093,2.6906,0.0000,0.0000,0.0000,-0.7124,0.7018,
1.7092,2.6839,0.0000,0.0000,0.0000,-0.7124,0.7018,
1.7091,2.6772,0.0000,0.0000,0.0000,-0.7124,0.7018,
1.7090,2.6705,0.0000,0.0000,0.0000,-0.7124,0.7018,
1.7089,2.6638,0.0000,0.0000,0.0000,-0.7124,0.7018,
1.7088,2.6571,0.0000,0.0000,0.0000,-0.7124,0.7018,
1.7087,2.6504,0.0000,0.0000,0.0000,-0.7124,0.7018,
1.7086,2.6437,0.0000,0.0000,0.0000,-0.7124,0.7018,
