4.6664,1.9548,0.0000,0.0000,0.0000,0.7174,0.6966,
4.6662,1.9616,0.0000,0.0000,0.0000,0.7176,0.6965,
4.6660,1.9683,0.0000,0.0000,0.0000,0.7174,0.6966,
4.6658,1.9751,0.0000,0.0000,0.0000,0.7124,0.7018,
4.6657,1.9818,0.0000,0.0000,0.0000,0.7174,0.6966,
4.6655,1.9886,0.0000,0.0000,0.0000,0.7176,0.6965,
4.6653,1.9953,0.0000,0.0000,0.0000,0.7123,0.7019,
4.6652,2.0021,0.0000,0.0000,0.0000,0.7176,0.6965,
4.6650,2.0088,0.0000,0.0000,0.0000,0.7174,0.6966,
4.6648,2.0156,0.0000,0.0000,0.0000,0.7124,0.7018,
4.6647,2.0223,0.0000,0.0000,0.0000,0.7174,0.6966,
4.6645,2.0291,0.0000,0.0000,0.0000,0.7176,0.6965,
4.6643,2.0358,0.0000,0.0000,0.0000,0.7174,0.6966,
4.6641,2.0426,0.0000,0.0000,0.0000,0.7124,0.7018,
4.6640,2.0493,0.0000,0.0000,0.0000,0.7174,0.6966,
4.6638,2.0561,0.0000,0.0000,0.0000,0.7176,0.6965,
4.6636,2.0628,0.0000,0.0000,0.0000,0.7123,0.7019,
4.6635,2.0696,0.0000,0.0000,0.0000,0.7176,0.6965,
4.6633,2.0763,0.0000,0.0000,0.0000,0.7174,0.6966,
4.6631,2.0831,0.0000,0.0000,0.0000,0.7176,0.6965,
4.6629,2.0898,0.0000,0.0000,0.0000,0.7123,0.7019,
4.6628,2.0966,0.0000,0.0000,0.0000,0.7176,0.6965,
4.6626,2.1033,0.0000,0.0000,0.0000,0.7174,0.6966,
4.6624,2.1101,0.0000,0.0000,0.0000,0.7124,0.7018,
4.6623,2.1168,0.0000,0.0000,0.0000,0.7174,0.6966,
4.6621,2.1236,0.0000,0.0000,0.0000,0.7176,0.6965,
4.6619,2.1303,0.0000,0.0000,0.0000,0.7174,0.6966,
4.6617,2.1371,0.0000,0.0000,0.0000,0.7124,0.7018,
4.6616,2.1438,0.0000,0.0000,0.0000,0.7174,0.6966,
4.6614,2.1506,0.0000,0.0000,0.0000,0.7176,0.6965,
4.6612,2.1573,0.0000,0.0000,0.0000,0.7123,0.7019,
4.6611,2.1641,0.0000,0.0000,0.0000,0.7176,0.6965,
4.6609,2.1708,0.0000,0.0000,0.0000,0.7174,0.6966,
4.6607,2.1776,0.0000,0.0000,0.0000,0.7176,0.6965,
4.6605,2.1843,0.0000,0.0000,0.0000,0.7123,0.7019,
4.6604,2.1911,0.0000,0.0000,0.0000,0.7176,0.6965,
4.6602,2.1978,0.0000,0.0000,0.0000,0.7174,0.6966,
4.6600,2.2046,0.0000,0.0000,0.0000,0.7124,0.7018,
4.6599,2.2113,0.0000,0.0000,0.0000,0.7174,0.6966,
4.6597,2.2181,0.0000,0.0000,0.0000,0.7176,0.6965,
4.6595,2.2248,0.0000,0.0000,0.0000,0.7123,0.7019,
4.6594,2.2316,0.0000,0.0000,0.0000,0.7176,0.6965,
4.6592,2.2383,0.0000,0.0000,0.0000,0.7174,0.6966,
4.6590,2.2451,0.0000,0.0000,0.0000,0.7176,0.6965,
4.6588,2.2518,0.0000,0.0000,0.0000,0.7123,0.7019,
4.6587,2.2586,0.0000,0.0000,0.0000,0.7176,0.6965,
4.6585,2.2653,0.0000,0.0000,0.0000,0.7174,0.6966,
4.6583,2.2721,0.0000,0.0000,0.0000,0.7124,0.7018,
4.6582,2.2788,0.0000,0.0000,0.0000,0.7174,0.6966,
4.6580,2.2856,0.0000,0.0000,0.0000,0.7176,0.6965,
4.6578,2.2923,0.0000,0.0000,0.0000,0.7174,0.6966,
4.6576,2.2991,0.0000,0.0000,0.0000,0.7124,0.7018,
4.6575,2.3058,0.0000,0.0000,0.0000,0.7174,0.6966,
4.6573,2.3126,0.0000,0.0000,0.0000,0.7176,0.6965,
4.6571,2.3193,0.0000,0.0000,0.0000,0.7123,0.7019,
4.6570,2.3261,0.0000,0.0000,0.0000,0.7175,0.6966,
4.6566,2.3396,0.0000,0.0000,0.0000,0.7780,0.6283,
4.6552,2.3461,0.0000,0.0000,0.0000,0.7780,0.6283,
4.6538,2.3526,0.0000,0.0000,0.0000,0.7770,0.6295,
4.6524,2.3592,0.0000,0.0000,0.0000,0.7780,0.6283,
4.6510,2.3657,0.0000,0.0000,0.0000,0.7780,0.6283,
4.6496,2.3722,0.0000,0.0000,0.0000,0.7780,0.6283,
4.6482,2.3787,0.0000,0.0000,0.0000,0.7770,0.6295,
4.6468,2.3853,0.0000,0.0000,0.0000,0.7780,0.6283,
4.6454,2.3918,0.0000,0.0000,0.0000,0.7780,0.6283,
4.6440,2.3983,0.0000,0.0000,0.0000,0.7780,0.6283,
4.6426,2.4048,0.0000,0.0000,0.0000,0.7770,0.6295,
4.6412,2.4114,0.0000,0.0000,0.0000,0.7780,0.6283,
4.6398,2.4179,0.0000,0.0000,0.0000,0.7775,0.6289,
4.6370,2.4310,0.0000,0.0000,0.0000,0.8490,0.5284,
4.6339,2.4373,0.0000,0.0000,0.0000,0.8473,0.5311,
4.6308,2.4437,0.0000,0.0000,0.0000,0.8439,0.5365,
4.6278,2.4501,0.0000,0.0000,0.0000,0.8473,0.5311,
4.6247,2.4565,0.0000,0.0000,0.0000,0.8473,0.5311,
4.6216,2.4629,0.0000,0.0000,0.0000,0.8473,0.5311,
4.6185,2.4693,0.0000,0.0000,0.0000,0.8473,0.5311,
4.6154,2.4757,0.0000,0.0000,0.0000,0.8456,0.5339,
4.6124,2.4820,0.0000,0.0000,0.0000,0.8473,0.5311,
4.6093,2.4884,0.0000,0.0000,0.0000,0.8473,0.5311,
4.6062,2.4948,0.0000,0.0000,0.0000,0.8473,0.5311,
4.6031,2.5012,0.0000,0.0000,0.0000,0.8439,0.5365,
4.6001,2.5076,0.0000,0.0000,0.0000,0.8481,0.5298,
4.5939,2.5203,0.0000,0.0000,0.0000,0.9157,0.4018,
4.5893,2.5253,0.0000,0.0000,0.0000,0.9177,0.3972,
4.5847,2.5302,0.0000,0.0000,0.0000,0.9177,0.3972,
4.5801,2.5351,0.0000,0.0000,0.0000,0.9157,0.4018,
4.5755,2.5401,0.0000,0.0000,0.0000,0.9177,0.3972,
4.5709,2.5450,0.0000,0.0000,0.0000,0.9198,0.3923,
4.5662,2.5499,0.0000,0.0000,0.0000,0.9157,0.4018,
4.5616,2.5549,0.0000,0.0000,0.0000,0.9177,0.3972,
4.5570,2.5598,0.0000,0.0000,0.0000,0.9177,0.3972,
4.5524,2.5647,0.0000,0.0000,0.0000,0.9177,0.3972,
4.5478,2.5696,0.0000,0.0000,0.0000,0.9157,0.4018,
4.5432,2.5746,0.0000,0.0000,0.0000,0.9177,0.3972,
4.5386,2.5795,0.0000,0.0000,0.0000,0.9177,0.3972,
4.5340,2.5844,0.0000,0.0000,0.0000,0.9179,0.3969,
4.5293,2.5894,0.0000,0.0000,0.0000,0.9177,0.3972,
4.5247,2.5943,0.0000,0.0000,0.0000,0.9177,0.3972,
4.5201,2.5992,0.0000,0.0000,0.0000,0.9167,0.3995,
4.5109,2.6091,0.0000,0.0000,0.0000,0.9899,0.1417,
4.5044,2.6110,0.0000,0.0000,0.0000,0.9902,0.1397,
4.4978,2.6129,0.0000,0.0000,0.0000,0.9899,0.1417,
4.4913,2.6148,0.0000,0.0000,0.0000,0.9902,0.1397,
4.4847,2.6167,0.0000,0.0000,0.0000,0.9899,0.1417,
4.4782,2.6186,0.0000,0.0000,0.0000,0.9899,0.1417,
4.4717,2.6205,0.0000,0.0000,0.0000,0.9902,0.1397,
4.4651,2.6224,0.0000,0.0000,0.0000,0.9899,0.1417,
4.4586,2.6243,0.0000,0.0000,0.0000,0.9899,0.1417,
4.4521,2.6262,0.0000,0.0000,0.0000,0.9902,0.1397,
4.4455,2.6281,0.0000,0.0000,0.0000,0.9899,0.1417,
4.4390,2.6300,0.0000,0.0000,0.0000,0.9912,0.1327,
4.4324,2.6318,0.0000,0.0000,0.0000,0.9899,0.1417,
4.4259,2.6337,0.0000,0.0000,0.0000,0.9899,0.1417,
4.4194,2.6356,0.0000,0.0000,0.0000,0.9902,0.1397,
4.4128,2.6375,0.0000,0.0000,0.0000,0.9899,0.1417,
4.4063,2.6394,0.0000,0.0000,0.0000,0.9899,0.1417,
4.3998,2.6413,0.0000,0.0000,0.0000,0.9902,0.1397,
4.3932,2.6432,0.0000,0.0000,0.0000,0.9901,0.1407,
4.3801,2.6470,0.0000,0.0000,0.0000,1.0000,0.0075,
4.3734,2.6471,0.0000,0.0000,0.0000,1.0000,0.0074,
4.3666,2.6472,0.0000,0.0000,0.0000,1.0000,0.0075,
4.3599,2.6473,0.0000,0.0000,0.0000,0.9999,0.0147,
4.3531,2.6475,0.0000,0.0000,0.0000,1.0000,0.0074,
4.3463,2.6476,0.0000,0.0000,0.0000,1.0000,0.0075,
4.3396,2.6477,0.0000,0.0000,0.0000,1.0000,0.0074,
4.3328,2.6478,0.0000,0.0000,0.0000,1.0000,0.0075,
4.3261,2.6479,0.0000,0.0000,0.0000,1.0000,0.0074,
4.3193,2.6480,0.0000,0.0000,0.0000,1.0000,0.0074,
4.3125,2.6481,0.0000,0.0000,0.0000,1.0000,0.0075,
4.3058,2.6482,0.0000,0.0000,0.0000,1.0000,0.0074,
4.2990,2.6483,0.0000,0.0000,0.0000,1.0000,0.0074,
4.2922,2.6484,0.0000,0.0000,0.0000,1.0000,0.0075,
4.2855,2.6485,0.0000,0.0000,0.0000,1.0000,0.0074,
4.2787,2.6486,0.0000,0.0000,0.0000,0.9999,0.0149,
4.2720,2.6488,0.0000,0.0000,0.0000,1.0000,0.0074,
4.2652,2.6489,0.0000,0.0000,0.0000,1.0000,0.0074,
4.2584,2.6490,0.0000,0.0000,0.0000,1.0000,0.0075,
4.2517,2.6491,0.0000,0.0000,0.0000,1.0000,0.0074,
4.2449,2.6492,0.0000,0.0000,0.0000,1.0000,0.0075,
4.2382,2.6493,0.0000,0.0000,0.0000,1.0000,0.0074,
4.2314,2.6494,0.0000,0.0000,0.0000,1.0000,0.0074,
4.2246,2.6495,0.0000,0.0000,0.0000,1.0000,0.0075,
4.2179,2.6496,0.0000,0.0000,0.0000,1.0000,0.0074,
4.2111,2.6497,0.0000,0.0000,0.0000,1.0000,0.0075,
4.2044,2.6498,0.0000,0.0000,0.0000,1.0000,0.0074,
4.1976,2.6499,0.0000,0.0000,0.0000,0.9999,0.0147,
4.1908,2.6501,0.0000,0.0000,0.0000,1.0000,0.0075,
4.1841,2.6502,0.0000,0.0000,0.0000,1.0000,0.0074,
4.1773,2.6503,0.0000,0.0000,0.0000,1.0000,0.0074,
4.1705,2.6504,0.0000,0.0000,0.0000,1.0000,0.0075,
4.1638,2.6505,0.0000,0.0000,0.0000,1.0000,0.0074,
4.1570,2.6506,0.0000,0.0000,0.0000,1.0000,0.0075,
4.1503,2.6507,0.0000,0.0000,0.0000,1.0000,0.0074,
4.1435,2.6508,0.0000,0.0000,0.0000,1.0000,0.0074,
4.1367,2.6509,0.0000,0.0000,0.0000,1.0000,0.0074,
4.1232,2.6511,0.0000,0.0000,0.0000,1.0000,0.0075,
4.1165,2.6512,0.0000,0.0000,0.0000,1.0000,0.0000,
4.1098,2.6512,0.0000,0.0000,0.0000,1.0000,0.0075,
4.1031,2.6513,0.0000,0.0000,0.0000,1.0000,0.0000,
4.0963,2.6513,0.0000,0.0000,0.0000,1.0000,0.0000,
4.0896,2.6513,0.0000,0.0000,0.0000,1.0000,0.0075,
4.0829,2.6514,0.0000,0.0000,0.0000,1.0000,0.0000,
4.0762,2.6514,0.0000,0.0000,0.0000,1.0000,0.0074,
4.0694,2.6515,0.0000,0.0000,0.0000,1.0000,0.0000,
4.0627,2.6515,0.0000,0.0000,0.0000,1.0000,0.0000,
4.0560,2.6515,0.0000,0.0000,0.0000,1.0000,0.0075,
4.0493,2.6516,0.0000,0.0000,0.0000,1.0000,0.0000,
4.0425,2.6516,0.0000,0.0000,0.0000,1.0000,0.0000,
4.0358,2.6516,0.0000,0.0000,0.0000,1.0000,0.0075,
4.0291,2.6517,0.0000,0.0000,0.0000,1.0000,0.0000,
4.0224,2.6517,0.0000,0.0000,0.0000,1.0000,0.0074,
4.0156,2.6518,0.0000,0.0000,0.0000,1.0000,0.0000,
4.0089,2.6518,0.0000,0.0000,0.0000,1.0000,0.0000,
4.0022,2.6518,0.0000,0.0000,0.0000,1.0000,0.0075,
3.9955,2.6519,0.0000,0.0000,0.0000,1.0000,0.0000,
3.9887,2.6519,0.0000,0.0000,0.0000,1.0000,0.0075,
3.9820,2.6520,0.0000,0.0000,0.0000,1.0000,0.0000,
3.9753,2.6520,0.0000,0.0000,0.0000,1.0000,0.0000,
3.9686,2.6520,0.0000,0.0000,0.0000,1.0000,0.0075,
3.9619,2.6521,0.0000,0.0000,0.0000,1.0000,0.0000,
3.9551,2.6521,0.0000,0.0000,0.0000,1.0000,0.0075,
3.9484,2.6522,0.0000,0.0000,0.0000,1.0000,0.0000,
3.9417,2.6522,0.0000,0.0000,0.0000,1.0000,0.0000,
3.9350,2.6522,0.0000,0.0000,0.0000,1.0000,0.0074,
3.9282,2.6523,0.0000,0.0000,0.0000,1.0000,0.0000,
3.9215,2.6523,0.0000,0.0000,0.0000,1.0000,0.0075,
3.9148,2.6524,0.0000,0.0000,0.0000,1.0000,0.0000,
3.9081,2.6524,0.0000,0.0000,0.0000,1.0000,0.0000,
3.9013,2.6524,0.0000,0.0000,0.0000,1.0000,0.0075,
3.8946,2.6525,0.0000,0.0000,0.0000,1.0000,0.0000,
3.8879,2.6525,0.0000,0.0000,0.0000,1.0000,0.0075,
3.8812,2.6526,0.0000,0.0000,0.0000,1.0000,0.0000,
3.8744,2.6526,0.0000,0.0000,0.0000,1.0000,0.0000,
3.8677,2.6526,0.0000,0.0000,0.0000,1.0000,0.0075,
3.8610,2.6527,0.0000,0.0000,0.0000,1.0000,0.0000,
3.8543,2.6527,0.0000,0.0000,0.0000,1.0000,0.0074,
3.8475,2.6528,0.0000,0.0000,0.0000,1.0000,0.0000,
3.8408,2.6528,0.0000,0.0000,0.0000,1.0000,0.0000,
3.8341,2.6528,0.0000,0.0000,0.0000,1.0000,0.0075,
3.8274,2.6529,0.0000,0.0000,0.0000,1.0000,0.0000,
3.8207,2.6529,0.0000,0.0000,0.0000,1.0000,0.0000,
3.8139,2.6529,0.0000,0.0000,0.0000,1.0000,0.0075,
3.8072,2.6530,0.0000,0.0000,0.0000,1.0000,0.0000,
3.8005,2.6530,0.0000,0.0000,0.0000,1.0000,0.0075,
3.7938,2.6531,0.0000,0.0000,0.0000,1.0000,0.0000,
3.7870,2.6531,0.0000,0.0000,0.0000,1.0000,0.0000,
3.7803,2.6531,0.0000,0.0000,0.0000,1.0000,0.0075,
3.7736,2.6532,0.0000,0.0000,0.0000,1.0000,0.0000,
3.7669,2.6532,0.0000,0.0000,0.0000,1.0000,0.0074,
3.7601,2.6533,0.0000,0.0000,0.0000,1.0000,0.0000,
3.7534,2.6533,0.0000,0.0000,0.0000,1.0000,0.0000,
3.7467,2.6533,0.0000,0.0000,0.0000,1.0000,0.0075,
3.7400,2.6534,0.0000,0.0000,0.0000,1.0000,0.0000,
3.7332,2.6534,0.0000,0.0000,0.0000,1.0000,0.0075,
3.7265,2.6535,0.0000,0.0000,0.0000,1.0000,0.0000,
3.7198,2.6535,0.0000,0.0000,0.0000,1.0000,0.0000,
3.7131,2.6535,0.0000,0.0000,0.0000,1.0000,0.0074,
3.7063,2.6536,0.0000,0.0000,0.0000,1.0000,0.0000,
3.6996,2.6536,0.0000,0.0000,0.0000,1.0000,0.0075,
3.6929,2.6537,0.0000,0.0000,0.0000,1.0000,0.0000,
3.6862,2.6537,0.0000,0.0000,0.0000,1.0000,0.0000,
3.6795,2.6537,0.0000,0.0000,0.0000,1.0000,0.0074,
3.6727,2.6538,0.0000,0.0000,0.0000,1.0000,0.0000,
3.6660,2.6538,0.0000,0.0000,0.0000,1.0000,0.0075,
3.6593,2.6539,0.0000,0.0000,0.0000,1.0000,0.0000,
3.6526,2.6539,0.0000,0.0000,0.0000,1.0000,0.0000,
3.6458,2.6539,0.0000,0.0000,0.0000,1.0000,0.0075,
3.6391,2.6540,0.0000,0.0000,0.0000,1.0000,0.0000,
3.6324,2.6540,0.0000,0.0000,0.0000,1.0000,0.0075,
3.6257,2.6541,0.0000,0.0000,0.0000,1.0000,0.0000,
3.6189,2.6541,0.0000,0.0000,0.0000,1.0000,0.0000,
3.6122,2.6541,0.0000,0.0000,0.0000,1.0000,0.0075,
3.6055,2.6542,0.0000,0.0000,0.0000,1.0000,0.0000,
3.5988,2.6542,0.0000,0.0000,0.0000,1.0000,0.0000,
3.5920,2.6542,0.0000,0.0000,0.0000,1.0000,0.0075,
3.5853,2.6543,0.0000,0.0000,0.0000,1.0000,0.0000,
3.5786,2.6543,0.0000,0.0000,0.0000,1.0000,0.0075,
3.5719,2.6544,0.0000,0.0000,0.0000,1.0000,0.0000,
3.5651,2.6544,0.0000,0.0000,0.0000,1.0000,0.0000,
3.5584,2.6544,0.0000,0.0000,0.0000,1.0000,0.0075,
3.5517,2.6545,0.0000,0.0000,0.0000,1.0000,0.0000,
3.5450,2.6545,0.0000,0.0000,0.0000,1.0000,0.0075,
3.5383,2.6546,0.0000,0.0000,0.0000,1.0000,0.0000,
3.5315,2.6546,0.0000,0.0000,0.0000,1.0000,0.0000,
3.5248,2.6546,0.0000,0.0000,0.0000,1.0000,0.0075,
3.5181,2.6547,0.0000,0.0000,0.0000,1.0000,0.0000,
3.5114,2.6547,0.0000,0.0000,0.0000,1.0000,0.0074,
3.5046,2.6548,0.0000,0.0000,0.0000,1.0000,0.0000,
3.4979,2.6548,0.0000,0.0000,0.0000,1.0000,0.0000,
3.4912,2.6548,0.0000,0.0000,0.0000,1.0000,0.0075,
3.4845,2.6549,0.0000,0.0000,0.0000,1.0000,0.0000,
3.4777,2.6549,0.0000,0.0000,0.0000,1.0000,0.0075,
3.4710,2.6550,0.0000,0.0000,0.0000,1.0000,0.0000,
3.4643,2.6550,0.0000,0.0000,0.0000,1.0000,0.0000,
3.4576,2.6550,0.0000,0.0000,0.0000,1.0000,0.0074,
