2.5132,1.9769,0.0000,0.0000,0.0000,0.0075,1.0000,
2.5199,1.9770,0.0000,0.0000,0.0000,0.0000,1.0000,
2.5266,1.9770,0.0000,0.0000,0.0000,0.0076,1.0000,
2.5332,1.9771,0.0000,0.0000,0.0000,0.0000,1.0000,
2.5399,1.9771,0.0000,0.0000,0.0000,0.0075,1.0000,
2.5466,1.9772,0.0000,0.0000,0.0000,0.0000,1.0000,
2.5533,1.9772,0.0000,0.0000,0.0000,0.0075,1.0000,
2.5600,1.9773,0.0000,0.0000,0.0000,0.0000,1.0000,
2.5666,1.9773,0.0000,0.0000,0.0000,0.0075,1.0000,
2.5733,1.9774,0.0000,0.0000,0.0000,0.0000,1.0000,
2.5800,1.9774,0.0000,0.0000,0.0000,0.0075,1.0000,
2.5867,1.9775,0.0000,0.0000,0.0000,0.0000,1.0000,
2.5934,1.9775,0.0000,0.0000,0.0000,0.0076,1.0000,
2.6000,1.9776,0.0000,0.0000,0.0000,0.0000,1.0000,
2.6067,1.9776,0.0000,0.0000,0.0000,0.0075,1.0000,
2.6134,1.9777,0.0000,0.0000,0.0000,0.0000,1.0000,
2.6201,1.9777,0.0000,0.0000,0.0000,0.0075,1.0000,
2.6268,1.9778,0.0000,0.0000,0.0000,0.0000,1.0000,
2.6335,1.9778,0.0000,0.0000,0.0000,0.0076,1.0000,
2.6401,1.9779,0.0000,0.0000,0.0000,0.0000,1.0000,
2.6468,1.9779,0.0000,0.0000,0.0000,0.0075,1.0000,
2.6535,1.9780,0.0000,0.0000,0.0000,0.0000,1.0000,
2.6602,1.9780,0.0000,0.0000,0.0000,0.0075,1.0000,
2.6669,1.9781,0.0000,0.0000,0.0000,0.0000,1.0000,
2.6735,1.9781,0.0000,0.0000,0.0000,0.0075,1.0000,
2.6802,1.9782,0.0000,0.0000,0.0000,0.0000,1.0000,
2.6869,1.9782,0.0000,0.0000,0.0000,0.0075,1.0000,
2.6936,1.9783,0.0000,0.0000,0.0000,0.0000,1.0000,
2.7003,1.9783,0.0000,0.0000,0.0000,0.0076,1.0000,
2.7069,1.9784,0.0000,0.0000,0.0000,0.0000,1.0000,
2.7136,1.9784,0.0000,0.0000,0.0000,0.0075,1.0000,
2.7203,1.9785,0.0000,0.0000,0.0000,0.0000,1.0000,
2.7270,1.9785,0.0000,0.0000,0.0000,0.0075,1.0000,
2.7337,1.9786,0.0000,0.0000,0.0000,0.0000,1.0000,
2.7404,1.9786,0.0000,0.0000,0.0000,0.0076,1.0000,
2.7470,1.9787,0.0000,0.0000,0.0000,0.0000,1.0000,
2.7537,1.9787,0.0000,0.0000,0.0000,0.0075,1.0000,
2.7604,1.9788,0.0000,0.0000,0.0000,0.0000,1.0000,
2.7671,1.9788,0.0000,0.0000,0.0000,0.0075,1.0000,
2.7738,1.9789,0.0000,0.0000,0.0000,0.0000,1.0000,
2.7804,1.9789,0.0000,0.0000,0.0000,0.0075,1.0000,
2.7871,1.9790,0.0000,0.0000,0.0000,0.0000,1.0000,
2.7938,1.9790,0.0000,0.0000,0.0000,0.0075,1.0000,
2.8005,1.9791,0.0000,0.0000,0.0000,0.0000,1.0000,
2.8072,1.9791,0.0000,0.0000,0.0000,0.0075,1.0000,
2.8139,1.9792,0.0000,0.0000,0.0000,0.0000,1.0000,
2.8205,1.9792,0.0000,0.0000,0.0000,0.0075,1.0000,
2.8272,1.9793,0.0000,0.0000,0.0000,0.0000,1.0000,
2.8339,1.9793,0.0000,0.0000,0.0000,0.0075,1.0000,
2.8406,1.9794,0.0000,0.0000,0.0000,0.0000,1.0000,
2.8473,1.9794,0.0000,0.0000,0.0000,0.0076,1.0000,
2.8539,1.9795,0.0000,0.0000,0.0000,0.0000,1.0000,
2.8606,1.9795,0.0000,0.0000,0.0000,0.0075,1.0000,
2.8673,1.9796,0.0000,0.0000,0.0000,0.0000,1.0000,
2.8740,1.9796,0.0000,0.0000,0.0000,0.0075,1.0000,
2.8807,1.9797,0.0000,0.0000,0.0000,0.0000,1.0000,
2.8873,1.9797,0.0000,0.0000,0.0000,0.0075,1.0000,
2.8940,1.9798,0.0000,0.0000,0.0000,0.0000,1.0000,
2.9007,1.9798,0.0000,0.0000,0.0000,0.0075,1.0000,
2.9074,1.9799,0.0000,0.0000,0.0000,0.0000,1.0000,
2.9141,1.9799,0.0000,0.0000,0.0000,0.0000,1.0000,
2.9208,1.9799,0.0000,0.0000,0.0000,0.0076,1.0000,
2.9274,1.9800,0.0000,0.0000,0.0000,0.0000,1.0000,
2.9341,1.9800,0.0000,0.0000,0.0000,0.0075,1.0000,
2.9408,1.9801,0.0000,0.0000,0.0000,0.0000,1.0000,
2.9475,1.9801,0.0000,0.0000,0.0000,0.0075,1.0000,
2.9542,1.9802,0.0000,0.0000,0.0000,0.0000,1.0000,
2.9608,1.9802,0.0000,0.0000,0.0000,0.0075,1.0000,
2.9675,1.9803,0.0000,0.0000,0.0000,0.0000,1.0000,
2.9742,1.9803,0.0000,0.0000,0.0000,0.0075,1.0000,
2.9809,1.9804,0.0000,0.0000,0.0000,0.0000,1.0000,
2.9876,1.9804,0.0000,0.0000,0.0000,0.0075,1.0000,
2.9943,1.9805,0.0000,0.0000,0.0000,0.0000,1.0000,
3.0009,1.9805,0.0000,0.0000,0.0000,0.0075,1.0000,
3.0076,1.9806,0.0000,0.0000,0.0000,0.0000,1.0000,
3.0143,1.9806,0.0000,0.0000,0.0000,0.0075,1.0000,
3.0210,1.9807,0.0000,0.0000,0.0000,0.0000,1.0000,
3.0277,1.9807,0.0000,0.0000,0.0000,0.0076,1.0000,
3.0343,1.9808,0.0000,0.0000,0.0000,0.0000,1.0000,
3.0410,1.9808,0.0000,0.0000,0.0000,0.0075,1.0000,
3.0477,1.9809,0.0000,0.0000,0.0000,0.0000,1.0000,
3.0544,1.9809,0.0000,0.0000,0.0000,0.0075,1.0000,
3.0611,1.9810,0.0000,0.0000,0.0000,0.0000,1.0000,
3.0677,1.9810,0.0000,0.0000,0.0000,0.0075,1.0000,
3.0744,1.9811,0.0000,0.0000,0.0000,0.0000,1.0000,
3.0811,1.9811,0.0000,0.0000,0.0000,0.0075,1.0000,
3.0878,1.9812,0.0000,0.0000,0.0000,0.0000,1.0000,
3.0945,1.9812,0.0000,0.0000,0.0000,0.0075,1.0000,
3.1012,1.9813,0.0000,0.0000,0.0000,0.0000,1.0000,
3.1078,1.9813,0.0000,0.0000,0.0000,0.0075,1.0000,
3.1145,1.9814,0.0000,0.0000,0.0000,0.0000,1.0000,
3.1212,1.9814,0.0000,0.0000,0.0000,0.0075,1.0000,
3.1279,1.9815,0.0000,0.0000,0.0000,0.0000,1.0000,
3.1346,1.9815,0.0000,0.0000,0.0000,0.0076,1.0000,
3.1412,1.9816,0.0000,0.0000,0.0000,0.0000,1.0000,
3.1479,1.9816,0.0000,0.0000,0.0000,0.0075,1.0000,
3.1546,1.9817,0.0000,0.0000,0.0000,0.0000,1.0000,
3.1613,1.9817,0.0000,0.0000,0.0000,0.0075,1.0000,
3.1680,1.9818,0.0000,0.0000,0.0000,0.0000,1.0000,
3.1747,1.9818,0.0000,0.0000,0.0000,0.0076,1.0000,
3.1813,1.9819,0.0000,0.0000,0.0000,0.0000,1.0000,
3.1880,1.9819,0.0000,0.0000,0.0000,0.0075,1.0000,
3.1947,1.9820,0.0000,0.0000,0.0000,0.0000,1.0000,
3.2014,1.9820,0.0000,0.0000,0.0000,0.0075,1.0000,
3.2081,1.9821,0.0000,0.0000,0.0000,0.0000,1.0000,
3.2147,1.9821,0.0000,0.0000,0.0000,0.0075,1.0000,
3.2214,1.9822,0.0000,0.0000,0.0000,0.0000,1.0000,
3.2281,1.9822,0.0000,0.0000,0.0000,0.0075,1.0000,
3.2348,1.9823,0.0000,0.0000,0.0000,0.0000,1.0000,
3.2415,1.9823,0.0000,0.0000,0.0000,0.0076,1.0000,
3.2481,1.9824,0.0000,0.0000,0.0000,0.0000,1.0000,
3.2548,1.9824,0.0000,0.0000,0.0000,0.0075,1.0000,
3.2615,1.9825,0.0000,0.0000,0.0000,0.0000,1.0000,
3.2682,1.9825,0.0000,0.0000,0.0000,0.0075,1.0000,
3.2749,1.9826,0.0000,0.0000,0.0000,0.0000,1.0000,
3.2816,1.9826,0.0000,0.0000,0.0000,0.0076,1.0000,
3.2882,1.9827,0.0000,0.0000,0.0000,0.0000,1.0000,
3.2949,1.9827,0.0000,0.0000,0.0000,0.0075,1.0000,
3.3016,1.9828,0.0000,0.0000,0.0000,0.0000,1.0000,
3.3083,1.9828,0.0000,0.0000,0.0000,0.0075,1.0000,
3.3150,1.9829,0.0000,0.0000,0.0000,0.0000,1.0000,
3.3216,1.9829,0.0000,0.0000,0.0000,0.0075,1.0000,
3.3283,1.9830,0.0000,0.0000,0.0000,0.0000,1.0000,
3.3350,1.9830,0.0000,0.0000,0.0000,0.0075,1.0000,
3.3417,1.9831,0.0000,0.0000,0.0000,0.0000,1.0000,
3.3484,1.9831,0.0000,0.0000,0.0000,0.0076,1.0000,
3.3550,1.9832,0.0000,0.0000,0.0000,0.0000,1.0000,
3.3617,1.9832,0.0000,0.0000,0.0000,0.0075,1.0000,
3.3684,1.9833,0.0000,0.0000,0.0000,0.0000,1.0000,
3.3751,1.9833,0.0000,0.0000,0.0000,0.0075,1.0000,
3.3818,1.9834,0.0000,0.0000,0.0000,0.0000,1.0000,
3.3885,1.9834,0.0000,0.0000,0.0000,0.0076,1.0000,
3.3951,1.9835,0.0000,0.0000,0.0000,0.0000,1.0000,
3.4018,1.9835,0.0000,0.0000,0.0000,0.0075,1.0000,
3.4085,1.9836,0.0000,0.0000,0.0000,0.0000,1.0000,
3.4152,1.9836,0.0000,0.0000,0.0000,0.0000,1.0000,
3.4219,1.9836,0.0000,0.0000,0.0000,0.0076,1.0000,
3.4285,1.9837,0.0000,0.0000,0.0000,0.0000,1.0000,
3.4352,1.9837,0.0000,0.0000,0.0000,0.0075,1.0000,
3.4419,1.9838,0.0000,0.0000,0.0000,0.0000,1.0000,
3.4486,1.9838,0.0000,0.0000,0.0000,0.0075,1.0000,
3.4553,1.9839,0.0000,0.0000,0.0000,0.0000,1.0000,
3.4620,1.9839,0.0000,0.0000,0.0000,0.0076,1.0000,
3.4686,1.9840,0.0000,0.0000,0.0000,0.0000,1.0000,
3.4753,1.9840,0.0000,0.0000,0.0000,0.0075,1.0000,
3.4820,1.9841,0.0000,0.0000,0.0000,0.0000,1.0000,
3.4887,1.9841,0.0000,0.0000,0.0000,0.0075,1.0000,
3.4954,1.9842,0.0000,0.0000,0.0000,0.0000,1.0000,
3.5020,1.9842,0.0000,0.0000,0.0000,0.0075,1.0000,
3.5087,1.9843,0.0000,0.0000,0.0000,0.0000,1.0000,
3.5154,1.9843,0.0000,0.0000,0.0000,0.0075,1.0000,
3.5221,1.9844,0.0000,0.0000,0.0000,0.0000,1.0000,
3.5288,1.9844,0.0000,0.0000,0.0000,0.0076,1.0000,
3.5354,1.9845,0.0000,0.0000,0.0000,0.0000,1.0000,
3.5421,1.9845,0.0000,0.0000,0.0000,0.0075,1.0000,
3.5488,1.9846,0.0000,0.0000,0.0000,0.0000,1.0000,
3.5555,1.9846,0.0000,0.0000,0.0000,0.0075,1.0000,
3.5622,1.9847,0.0000,0.0000,0.0000,0.0000,1.0000,
3.5689,1.9847,0.0000,0.0000,0.0000,0.0076,1.0000,
3.5755,1.9848,0.0000,0.0000,0.0000,0.0000,1.0000,
3.5822,1.9848,0.0000,0.0000,0.0000,0.0075,1.0000,
3.5889,1.9849,0.0000,0.0000,0.0000,0.0000,1.0000,
3.5956,1.9849,0.0000,0.0000,0.0000,0.0075,1.0000,
3.6023,1.9850,0.0000,0.0000,0.0000,0.0000,1.0000,
3.6089,1.9850,0.0000,0.0000,0.0000,0.0075,1.0000,
3.6156,1.9851,0.0000,0.0000,0.0000,0.0000,1.0000,
3.6223,1.9851,0.0000,0.0000,0.0000,0.0075,1.0000,
3.6290,1.9852,0.0000,0.0000,0.0000,0.0000,1.0000,
3.6357,1.9852,0.0000,0.0000,0.0000,0.0075,1.0000,
3.6424,1.9853,0.0000,0.0000,0.0000,0.0000,1.0000,
3.6490,1.9853,0.0000,0.0000,0.0000,0.0075,1.0000,
3.6557,1.9854,0.0000,0.0000,0.0000,0.0000,1.0000,
3.6624,1.9854,0.0000,0.0000,0.0000,0.0075,1.0000,
3.6691,1.9855,0.0000,0.0000,0.0000,0.0000,1.0000,
3.6758,1.9855,0.0000,0.0000,0.0000,0.0076,1.0000,
3.6824,1.9856,0.0000,0.0000,0.0000,0.0000,1.0000,
3.6891,1.9856,0.0000,0.0000,0.0000,0.0075,1.0000,
3.6958,1.9857,0.0000,0.0000,0.0000,0.0000,1.0000,
3.7025,1.9857,0.0000,0.0000,0.0000,0.0075,1.0000,
3.7092,1.9858,0.0000,0.0000,0.0000,0.0000,1.0000,
3.7158,1.9858,0.0000,0.0000,0.0000,0.0075,1.0000,
