2.4084,2.3936,0.0000,0.0000,0.0000,0.0000,1.0000,
2.4151,2.3936,0.0000,0.0000,0.0000,0.0000,1.0000,
2.4218,2.3936,0.0000,0.0000,0.0000,0.0000,1.0000,
2.4285,2.3936,0.0000,0.0000,0.0000,0.0000,1.0000,
2.4352,2.3936,0.0000,0.0000,0.0000,0.0000,1.0000,
2.4419,2.3936,0.0000,0.0000,0.0000,0.0000,1.0000,
2.4486,2.3936,0.0000,0.0000,0.0000,0.0000,1.0000,
2.4552,2.3936,0.0000,0.0000,0.0000,0.0000,1.0000,
2.4619,2.3936,0.0000,0.0000,0.0000,0.0000,1.0000,
2.4686,2.3936,0.0000,0.0000,0.0000,0.0000,1.0000,
2.4753,2.3936,0.0000,0.0000,0.0000,0.0000,1.0000,
2.4820,2.3936,0.0000,0.0000,0.0000,0.0000,1.0000,
2.4887,2.3936,0.0000,0.0000,0.0000,0.0000,1.0000,
2.4954,2.3936,0.0000,0.0000,0.0000,0.0000,1.0000,
2.5021,2.3936,0.0000,0.0000,0.0000,0.0000,1.0000,
2.5088,2.3936,0.0000,0.0000,0.0000,0.0000,1.0000,
2.5155,2.3936,0.0000,0.0000,0.0000,0.0000,1.0000,
2.5222,2.3936,0.0000,0.0000,0.0000,0.0000,1.0000,
2.5289,2.3936,0.0000,0.0000,0.0000,0.0000,1.0000,
2.5355,2.3936,0.0000,0.0000,0.0000,0.0000,1.0000,
2.5422,2.3936,0.0000,0.0000,0.0000,0.0000,1.0000,
2.5489,2.3936,0.0000,0.0000,0.0000,0.0000,1.0000,
2.5556,2.3936,0.0000,0.0000,0.0000,0.0000,1.0000,
2.5623,2.3936,0.0000,0.0000,0.0000,0.0000,1.0000,
2.5690,2.3936,0.0000,0.0000,0.0000,0.0000,1.0000,
2.5757,2.3936,0.0000,0.0000,0.0000,0.0000,1.0000,
2.5824,2.3936,0.0000,0.0000,0.0000,0.0000,1.0000,
2.5891,2.3936,0.0000,0.0000,0.0000,0.0000,1.0000,
2.5958,2.3936,0.0000,0.0000,0.0000,0.0000,1.0000,
2.6025,2.3936,0.0000,0.0000,0.0000,0.0000,1.0000,
2.6092,2.3936,0.0000,0.0000,0.0000,0.0000,1.0000,
2.6158,2.3936,0.0000,0.0000,0.0000,0.0000,1.0000,
2.6225,2.3936,0.0000,0.0000,0.0000,0.0000,1.0000,
2.6292,2.3936,0.0000,0.0000,0.0000,0.0000,1.0000,
2.6359,2.3936,0.0000,0.0000,0.0000,0.0000,1.0000,
2.6426,2.3936,0.0000,0.0000,0.0000,0.0000,1.0000,
2.6493,2.3936,0.0000,0.0000,0.0000,0.0000,1.0000,
2.6560,2.3936,0.0000,0.0000,0.0000,0.0000,1.0000,
2.6627,2.3936,0.0000,0.0000,0.0000,0.0000,1.0000,
2.6694,2.3936,0.0000,0.0000,0.0000,0.0000,1.0000,
2.6761,2.3936,0.0000,0.0000,0.0000,0.0000,1.0000,
2.6828,2.3936,0.0000,0.0000,0.0000,0.0000,1.0000,
2.6895,2.3936,0.0000,0.0000,0.0000,0.0000,1.0000,
2.6961,2.3936,0.0000,0.0000,0.0000,0.0000,1.0000,
2.7028,2.3936,0.0000,0.0000,0.0000,0.0000,1.0000,
2.7095,2.3936,0.0000,0.0000,0.0000,0.0000,1.0000,
2.7162,2.3936,0.0000,0.0000,0.0000,0.0000,1.0000,
2.7229,2.3936,0.0000,0.0000,0.0000,0.0000,1.0000,
2.7296,2.3936,0.0000,0.0000,0.0000,0.0000,1.0000,
2.7363,2.3936,0.0000,0.0000,0.0000,0.0000,1.0000,
2.7430,2.3936,0.0000,0.0000,0.0000,0.0000,1.0000,
2.7497,2.3936,0.0000,0.0000,0.0000,0.0000,1.0000,
2.7564,2.3936,0.0000,0.0000,0.0000,0.0000,1.0000,
2.7631,2.3936,0.0000,0.0000,0.0000,0.0000,1.0000,
2.7698,2.3936,0.0000,0.0000,0.0000,0.0000,1.0000,
2.7764,2.3936,0.0000,0.0000,0.0000,0.0000,1.0000,
2.7831,2.3936,0.0000,0.0000,0.0000,0.0000,1.0000,
2.7898,2.3936,0.0000,0.0000,0.0000,0.0000,1.0000,
2.7965,2.3936,0.0000,0.0000,0.0000,0.0000,1.0000,
2.8032,2.3936,0.0000,0.0000,0.0000,0.0000,1.0000,
2.8099,2.3936,0.0000,0.0000,0.0000,0.0000,1.0000,
2.8166,2.3936,0.0000,0.0000,0.0000,0.0000,1.0000,
2.8233,2.3936,0.0000,0.0000,0.0000,0.0000,1.0000,
2.8300,2.3936,0.0000,0.0000,0.0000,0.0000,1.0000,
2.8367,2.3936,0.0000,0.0000,0.0000,0.0000,1.0000,
2.8434,2.3936,0.0000,0.0000,0.0000,0.0000,1.0000,
2.8501,2.3936,0.0000,0.0000,0.0000,0.0000,1.0000,
2.8567,2.3936,0.0000,0.0000,0.0000,0.0000,1.0000,
2.8634,2.3936,0.0000,0.0000,0.0000,0.0000,1.0000,
2.8701,2.3936,0.0000,0.0000,0.0000,0.0000,1.0000,
2.8768,2.3936,0.0000,0.0000,0.0000,0.0000,1.0000,
2.8835,2.3936,0.0000,0.0000,0.0000,0.0000,1.0000,
2.8902,2.3936,0.0000,0.0000,0.0000,0.0000,1.0000,
2.8969,2.3936,0.0000,0.0000,0.0000,0.0000,1.0000,
2.9036,2.3936,0.0000,0.0000,0.0000,0.0000,1.0000,
2.9103,2.3936,0.0000,0.0000,0.0000,0.0000,1.0000,
2.9170,2.3936,0.0000,0.0000,0.0000,0.0000,1.0000,
2.9237,2.3936,0.0000,0.0000,0.0000,0.0000,1.0000,
2.9303,2.3936,0.0000,0.0000,0.0000,0.0000,1.0000,
2.9370,2.3936,0.0000,0.0000,0.0000,0.0000,1.0000,
2.9437,2.3936,0.0000,0.0000,0.0000,0.0000,1.0000,
2.9504,2.3936,0.0000,0.0000,0.0000,0.0000,1.0000,
2.9571,2.3936,0.0000,0.0000,0.0000,0.0000,1.0000,
2.9638,2.3936,0.0000,0.0000,0.0000,0.0000,1.0000,
2.9705,2.3936,0.0000,0.0000,0.0000,0.0000,1.0000,
2.9772,2.3936,0.0000,0.0000,0.0000,0.0000,1.0000,
2.9839,2.3936,0.0000,0.0000,0.0000,0.0000,1.0000,
2.9906,2.3936,0.0000,0.0000,0.0000,0.0000,1.0000,
2.9973,2.3936,0.0000,0.0000,0.0000,0.0000,1.0000,
3.0040,2.3936,0.0000,0.0000,0.0000,0.0000,1.0000,
3.0106,2.3936,0.0000,0.0000,0.0000,0.0000,1.0000,
3.0173,2.3936,0.0000,0.0000,0.0000,0.0000,1.0000,
3.0240,2.3936,0.0000,0.0000,0.0000,0.0000,1.0000,
3.0307,2.3936,0.0000,0.0000,0.0000,0.0000,1.0000,
3.0374,2.3936,0.0000,0.0000,0.0000,0.0000,1.0000,
3.0441,2.3936,0.0000,0.0000,0.0000,0.0000,1.0000,
3.0508,2.3936,0.0000,0.0000,0.0000,0.0000,1.0000,
3.0575,2.3936,0.0000,0.0000,0.0000,0.0000,1.0000,
3.0642,2.3936,0.0000,0.0000,0.0000,0.0000,1.0000,
3.0709,2.3936,0.0000,0.0000,0.0000,0.0000,1.0000,
3.0776,2.3936,0.0000,0.0000,0.0000,0.0000,1.0000,
3.0843,2.3936,0.0000,0.0000,0.0000,0.0076,1.0000,
3.0909,2.3937,0.0000,0.0000,0.0000,0.0000,1.0000,
3.0976,2.3937,0.0000,0.0000,0.0000,0.0000,1.0000,
3.1043,2.3937,0.0000,0.0000,0.0000,0.0000,1.0000,
3.1110,2.3937,0.0000,0.0000,0.0000,0.0000,1.0000,
3.1177,2.3937,0.0000,0.0000,0.0000,0.0000,1.0000,
3.1244,2.3937,0.0000,0.0000,0.0000,0.0000,1.0000,
3.1311,2.3937,0.0000,0.0000,0.0000,0.0000,1.0000,
3.1378,2.3937,0.0000,0.0000,0.0000,0.0000,1.0000,
3.1445,2.3937,0.0000,0.0000,0.0000,0.0000,1.0000,
3.1512,2.3937,0.0000,0.0000,0.0000,0.0000,1.0000,
3.1579,2.3937,0.0000,0.0000,0.0000,0.0000,1.0000,
3.1646,2.3937,0.0000,0.0000,0.0000,0.0000,1.0000,
3.1712,2.3937,0.0000,0.0000,0.0000,0.0000,1.0000,
3.1779,2.3937,0.0000,0.0000,0.0000,0.0000,1.0000,
3.1846,2.3937,0.0000,0.0000,0.0000,0.0000,1.0000,
3.1913,2.3937,0.0000,0.0000,0.0000,0.0000,1.0000,
3.1980,2.3937,0.0000,0.0000,0.0000,0.0000,1.0000,
3.2047,2.3937,0.0000,0.0000,0.0000,0.0000,1.0000,
3.2114,2.3937,0.0000,0.0000,0.0000,0.0000,1.0000,
3.2181,2.3937,0.0000,0.0000,0.0000,0.0000,1.0000,
3.2248,2.3937,0.0000,0.0000,0.0000,0.0000,1.0000,
3.2315,2.3937,0.0000,0.0000,0.0000,0.0000,1.0000,
3.2382,2.3937,0.0000,0.0000,0.0000,0.0000,1.0000,
3.2449,2.3937,0.0000,0.0000,0.0000,0.0000,1.0000,
3.2515,2.3937,0.0000,0.0000,0.0000,0.0000,1.0000,
3.2582,2.3937,0.0000,0.0000,0.0000,0.0000,1.0000,
3.2649,2.3937,0.0000,0.0000,0.0000,0.0000,1.0000,
3.2716,2.3937,0.0000,0.0000,0.0000,0.0000,1.0000,
3.2783,2.3937,0.0000,0.0000,0.0000,0.0000,1.0000,
3.2850,2.3937,0.0000,0.0000,0.0000,0.0000,1.0000,
3.2917,2.3937,0.0000,0.0000,0.0000,0.0000,1.0000,
3.2984,2.3937,0.0000,0.0000,0.0000,0.0000,1.0000,
3.3051,2.3937,0.0000,0.0000,0.0000,0.0000,1.0000,
3.3118,2.3937,0.0000,0.0000,0.0000,0.0000,1.0000,
3.3185,2.3937,0.0000,0.0000,0.0000,0.0000,1.0000,
3.3252,2.3937,0.0000,0.0000,0.0000,0.0000,1.0000,
3.3318,2.3937,0.0000,0.0000,0.0000,0.0000,1.0000,
3.3385,2.3937,0.0000,0.0000,0.0000,0.0000,1.0000,
3.3452,2.3937,0.0000,0.0000,0.0000,0.0000,1.0000,
3.3519,2.3937,0.0000,0.0000,0.0000,0.0000,1.0000,
3.3586,2.3937,0.0000,0.0000,0.0000,0.0000,1.0000,
3.3653,2.3937,0.0000,0.0000,0.0000,0.0000,1.0000,
3.3720,2.3937,0.0000,0.0000,0.0000,0.0000,1.0000,
3.3787,2.3937,0.0000,0.0000,0.0000,0.0000,1.0000,
3.3854,2.3937,0.0000,0.0000,0.0000,0.0000,1.0000,
3.3921,2.3937,0.0000,0.0000,0.0000,0.0000,1.0000,
3.3988,2.3937,0.0000,0.0000,0.0000,0.0000,1.0000,
3.4055,2.3937,0.0000,0.0000,0.0000,0.0000,1.0000,
3.4121,2.3937,0.0000,0.0000,0.0000,0.0000,1.0000,
3.4188,2.3937,0.0000,0.0000,0.0000,0.0000,1.0000,
