3.6980,2.3528,0.0000,0.0000,0.0000,1.0000,0.0000,
3.6913,2.3528,0.0000,0.0000,0.0000,-1.0000,0.0075,
3.6846,2.3527,0.0000,0.0000,0.0000,1.0000,0.0000,
3.6779,2.3527,0.0000,0.0000,0.0000,1.0000,0.0000,
3.6712,2.3527,0.0000,0.0000,0.0000,1.0000,0.0000,
3.6645,2.3527,0.0000,0.0000,0.0000,1.0000,0.0000,
3.6578,2.3527,0.0000,0.0000,0.0000,1.0000,0.0000,
3.6511,2.3527,0.0000,0.0000,0.0000,-1.0000,0.0075,
3.6444,2.3526,0.0000,0.0000,0.0000,1.0000,0.0000,
3.6376,2.3526,0.0000,0.0000,0.0000,1.0000,0.0000,
3.6309,2.3526,0.0000,0.0000,0.0000,1.0000,0.0000,
3.6242,2.3526,0.0000,0.0000,0.0000,1.0000,0.0000,
3.6175,2.3526,0.0000,0.0000,0.0000,1.0000,0.0000,
3.6108,2.3526,0.0000,0.0000,0.0000,-1.0000,0.0075,
3.6041,2.3525,0.0000,0.0000,0.0000,1.0000,0.0000,
3.5974,2.3525,0.0000,0.0000,0.0000,1.0000,0.0000,
3.5907,2.3525,0.0000,0.0000,0.0000,1.0000,0.0000,
3.5840,2.3525,0.0000,0.0000,0.0000,1.0000,0.0000,
3.5773,2.3525,0.0000,0.0000,0.0000,1.0000,0.0000,
3.5706,2.3525,0.0000,0.0000,0.0000,-1.0000,0.0075,
3.5639,2.3524,0.0000,0.0000,0.0000,1.0000,0.0000,
3.5572,2.3524,0.0000,0.0000,0.0000,1.0000,0.0000,
3.5505,2.3524,0.0000,0.0000,0.0000,1.0000,0.0000,
3.5438,2.3524,0.0000,0.0000,0.0000,1.0000,0.0000,
3.5371,2.3524,0.0000,0.0000,0.0000,1.0000,0.0000,
3.5304,2.3524,0.0000,0.0000,0.0000,-1.0000,0.0075,
3.5237,2.3523,0.0000,0.0000,0.0000,1.0000,0.0000,
3.5170,2.3523,0.0000,0.0000,0.0000,1.0000,0.0000,
3.5103,2.3523,0.0000,0.0000,0.0000,1.0000,0.0000,
3.5036,2.3523,0.0000,0.0000,0.0000,1.0000,0.0000,
3.4969,2.3523,0.0000,0.0000,0.0000,1.0000,0.0000,
3.4902,2.3523,0.0000,0.0000,0.0000,-1.0000,0.0075,
3.4835,2.3522,0.0000,0.0000,0.0000,1.0000,0.0000,
3.4768,2.3522,0.0000,0.0000,0.0000,1.0000,0.0000,
3.4701,2.3522,0.0000,0.0000,0.0000,1.0000,0.0000,
3.4634,2.3522,0.0000,0.0000,0.0000,1.0000,0.0000,
3.4567,2.3522,0.0000,0.0000,0.0000,1.0000,0.0000,
3.4500,2.3522,0.0000,0.0000,0.0000,-1.0000,0.0075,
3.4433,2.3521,0.0000,0.0000,0.0000,1.0000,0.0000,
3.4366,2.3521,0.0000,0.0000,0.0000,1.0000,0.0000,
3.4299,2.3521,0.0000,0.0000,0.0000,1.0000,0.0000,
3.4232,2.3521,0.0000,0.0000,0.0000,1.0000,0.0000,
3.4165,2.3521,0.0000,0.0000,0.0000,1.0000,0.0000,
3.4098,2.3521,0.0000,0.0000,0.0000,-1.0000,0.0075,
3.4031,2.3520,0.0000,0.0000,0.0000,1.0000,0.0000,
3.3964,2.3520,0.0000,0.0000,0.0000,1.0000,0.0000,
3.3897,2.3520,0.0000,0.0000,0.0000,1.0000,0.0000,
3.3830,2.3520,0.0000,0.0000,0.0000,1.0000,0.0000,
3.3763,2.3520,0.0000,0.0000,0.0000,1.0000,0.0000,
3.3696,2.3520,0.0000,0.0000,0.0000,-1.0000,0.0075,
3.3629,2.3519,0.0000,0.0000,0.0000,1.0000,0.0000,
3.3562,2.3519,0.0000,0.0000,0.0000,1.0000,0.0000,
3.3495,2.3519,0.0000,0.0000,0.0000,1.0000,0.0000,
3.3428,2.3519,0.0000,0.0000,0.0000,1.0000,0.0000,
3.3361,2.3519,0.0000,0.0000,0.0000,1.0000,0.0000,
3.3294,2.3519,0.0000,0.0000,0.0000,-1.0000,0.0075,
3.3227,2.3518,0.0000,0.0000,0.0000,1.0000,0.0000,
3.3160,2.3518,0.0000,0.0000,0.0000,1.0000,0.0000,
3.3093,2.3518,0.0000,0.0000,0.0000,1.0000,0.0000,
3.3026,2.3518,0.0000,0.0000,0.0000,1.0000,0.0000,
3.2959,2.3518,0.0000,0.0000,0.0000,1.0000,0.0000,
3.2892,2.3518,0.0000,0.0000,0.0000,-1.0000,0.0075,
3.2825,2.3517,0.0000,0.0000,0.0000,1.0000,0.0000,
3.2758,2.3517,0.0000,0.0000,0.0000,1.0000,0.0000,
3.2691,2.3517,0.0000,0.0000,0.0000,1.0000,0.0000,
3.2624,2.3517,0.0000,0.0000,0.0000,1.0000,0.0000,
3.2557,2.3517,0.0000,0.0000,0.0000,1.0000,0.0000,
3.2490,2.3517,0.0000,0.0000,0.0000,-1.0000,0.0075,
3.2423,2.3516,0.0000,0.0000,0.0000,1.0000,0.0000,
3.2356,2.3516,0.0000,0.0000,0.0000,1.0000,0.0000,
3.2289,2.3516,0.0000,0.0000,0.0000,1.0000,0.0000,
3.2222,2.3516,0.0000,0.0000,0.0000,1.0000,0.0000,
3.2155,2.3516,0.0000,0.0000,0.0000,1.0000,0.0000,
3.2088,2.3516,0.0000,0.0000,0.0000,-1.0000,0.0075,
3.2021,2.3515,0.0000,0.0000,0.0000,1.0000,0.0000,
3.1954,2.3515,0.0000,0.0000,0.0000,1.0000,0.0000,
3.1887,2.3515,0.0000,0.0000,0.0000,1.0000,0.0000,
3.1820,2.3515,0.0000,0.0000,0.0000,1.0000,0.0000,
3.1752,2.3515,0.0000,0.0000,0.0000,1.0000,0.0000,
3.1685,2.3515,0.0000,0.0000,0.0000,-1.0000,0.0075,
3.1618,2.3514,0.0000,0.0000,0.0000,1.0000,0.0000,
3.1551,2.3514,0.0000,0.0000,0.0000,1.0000,0.0000,
3.1484,2.3514,0.0000,0.0000,0.0000,1.0000,0.0000,
3.1417,2.3514,0.0000,0.0000,0.0000,1.0000,0.0000,
3.1350,2.3514,0.0000,0.0000,0.0000,-1.0000,0.0075,
3.1283,2.3513,0.0000,0.0000,0.0000,1.0000,0.0000,
3.1216,2.3513,0.0000,0.0000,0.0000,1.0000,0.0000,
3.1149,2.3513,0.0000,0.0000,0.0000,1.0000,0.0000,
3.1082,2.3513,0.0000,0.0000,0.0000,1.0000,0.0000,
3.1015,2.3513,0.0000,0.0000,0.0000,1.0000,0.0000,
3.0948,2.3513,0.0000,0.0000,0.0000,-1.0000,0.0075,
3.0881,2.3512,0.0000,0.0000,0.0000,1.0000,0.0000,
3.0814,2.3512,0.0000,0.0000,0.0000,1.0000,0.0000,
3.0747,2.3512,0.0000,0.0000,0.0000,1.0000,0.0000,
3.0680,2.3512,0.0000,0.0000,0.0000,1.0000,0.0000,
3.0613,2.3512,0.0000,0.0000,0.0000,1.0000,0.0000,
3.0546,2.3512,0.0000,0.0000,0.0000,-1.0000,0.0075,
3.0479,2.3511,0.0000,0.0000,0.0000,1.0000,0.0000,
3.0412,2.3511,0.0000,0.0000,0.0000,1.0000,0.0000,
3.0345,2.3511,0.0000,0.0000,0.0000,1.0000,0.0000,
3.0278,2.3511,0.0000,0.0000,0.0000,1.0000,0.0000,
3.0211,2.3511,0.0000,0.0000,0.0000,1.0000,0.0000,
3.0144,2.3511,0.0000,0.0000,0.0000,-1.0000,0.0075,
3.0077,2.3510,0.0000,0.0000,0.0000,1.0000,0.0000,
3.0010,2.3510,0.0000,0.0000,0.0000,1.0000,0.0000,
2.9943,2.3510,0.0000,0.0000,0.0000,1.0000,0.0000,
2.9876,2.3510,0.0000,0.0000,0.0000,1.0000,0.0000,
2.9809,2.3510,0.0000,0.0000,0.0000,1.0000,0.0000,
2.9742,2.3510,0.0000,0.0000,0.0000,-1.0000,0.0075,
2.9675,2.3509,0.0000,0.0000,0.0000,1.0000,0.0000,
2.9608,2.3509,0.0000,0.0000,0.0000,1.0000,0.0000,
2.9541,2.3509,0.0000,0.0000,0.0000,1.0000,0.0000,
2.9474,2.3509,0.0000,0.0000,0.0000,1.0000,0.0000,
2.9407,2.3509,0.0000,0.0000,0.0000,1.0000,0.0000,
2.9340,2.3509,0.0000,0.0000,0.0000,-1.0000,0.0075,
2.9273,2.3508,0.0000,0.0000,0.0000,1.0000,0.0000,
2.9206,2.3508,0.0000,0.0000,0.0000,1.0000,0.0000,
2.9139,2.3508,0.0000,0.0000,0.0000,1.0000,0.0000,
2.9072,2.3508,0.0000,0.0000,0.0000,1.0000,0.0000,
2.9005,2.3508,0.0000,0.0000,0.0000,1.0000,0.0000,
2.8938,2.3508,0.0000,0.0000,0.0000,-1.0000,0.0075,
2.8871,2.3507,0.0000,0.0000,0.0000,1.0000,0.0000,
2.8804,2.3507,0.0000,0.0000,0.0000,1.0000,0.0000,
2.8737,2.3507,0.0000,0.0000,0.0000,1.0000,0.0000,
2.8670,2.3507,0.0000,0.0000,0.0000,1.0000,0.0000,
2.8603,2.3507,0.0000,0.0000,0.0000,1.0000,0.0000,
2.8536,2.3507,0.0000,0.0000,0.0000,-1.0000,0.0075,
2.8469,2.3506,0.0000,0.0000,0.0000,1.0000,0.0000,
2.8402,2.3506,0.0000,0.0000,0.0000,1.0000,0.0000,
2.8335,2.3506,0.0000,0.0000,0.0000,1.0000,0.0000,
2.8268,2.3506,0.0000,0.0000,0.0000,1.0000,0.0000,
2.8201,2.3506,0.0000,0.0000,0.0000,1.0000,0.0000,
2.8134,2.3506,0.0000,0.0000,0.0000,-1.0000,0.0075,
2.8067,2.3505,0.0000,0.0000,0.0000,1.0000,0.0000,
2.8000,2.3505,0.0000,0.0000,0.0000,1.0000,0.0000,
2.7933,2.3505,0.0000,0.0000,0.0000,1.0000,0.0000,
2.7866,2.3505,0.0000,0.0000,0.0000,1.0000,0.0000,
2.7799,2.3505,0.0000,0.0000,0.0000,1.0000,0.0000,
2.7732,2.3505,0.0000,0.0000,0.0000,-1.0000,0.0075,
2.7665,2.3504,0.0000,0.0000,0.0000,1.0000,0.0000,
2.7598,2.3504,0.0000,0.0000,0.0000,1.0000,0.0000,
2.7531,2.3504,0.0000,0.0000,0.0000,1.0000,0.0000,
2.7464,2.3504,0.0000,0.0000,0.0000,1.0000,0.0000,
2.7397,2.3504,0.0000,0.0000,0.0000,1.0000,0.0000,
2.7330,2.3504,0.0000,0.0000,0.0000,-1.0000,0.0075,
2.7263,2.3503,0.0000,0.0000,0.0000,1.0000,0.0000,
2.7196,2.3503,0.0000,0.0000,0.0000,1.0000,0.0000,
2.7128,2.3503,0.0000,0.0000,0.0000,1.0000,0.0000,
2.7061,2.3503,0.0000,0.0000,0.0000,1.0000,0.0000,
2.6994,2.3503,0.0000,0.0000,0.0000,1.0000,0.0000,
2.6927,2.3503,0.0000,0.0000,0.0000,-1.0000,0.0075,
2.6860,2.3502,0.0000,0.0000,0.0000,1.0000,0.0000,
2.6793,2.3502,0.0000,0.0000,0.0000,1.0000,0.0000,
2.6726,2.3502,0.0000,0.0000,0.0000,1.0000,0.0000,
2.6659,2.3502,0.0000,0.0000,0.0000,1.0000,0.0000,
2.6592,2.3502,0.0000,0.0000,0.0000,1.0000,0.0000,
2.6525,2.3502,0.0000,0.0000,0.0000,-1.0000,0.0075,
2.6458,2.3501,0.0000,0.0000,0.0000,1.0000,0.0000,
2.6391,2.3501,0.0000,0.0000,0.0000,1.0000,0.0000,
2.6324,2.3501,0.0000,0.0000,0.0000,1.0000,0.0000,
2.6257,2.3501,0.0000,0.0000,0.0000,1.0000,0.0000,
2.6190,2.3501,0.0000,0.0000,0.0000,1.0000,0.0000,
2.6123,2.3501,0.0000,0.0000,0.0000,-1.0000,0.0075,
2.6056,2.3500,0.0000,0.0000,0.0000,1.0000,0.0000,
2.5989,2.3500,0.0000,0.0000,0.0000,1.0000,0.0000,
2.5922,2.3500,0.0000,0.0000,0.0000,1.0000,0.0000,
2.5855,2.3500,0.0000,0.0000,0.0000,1.0000,0.0000,
2.5788,2.3500,0.0000,0.0000,0.0000,1.0000,0.0000,
2.5721,2.3500,0.0000,0.0000,0.0000,-1.0000,0.0075,
2.5654,2.3499,0.0000,0.0000,0.0000,1.0000,0.0000,
2.5587,2.3499,0.0000,0.0000,0.0000,1.0000,0.0000,
2.5520,2.3499,0.0000,0.0000,0.0000,1.0000,0.0000,
2.5453,2.3499,0.0000,0.0000,0.0000,1.0000,0.0000,
2.5386,2.3499,0.0000,0.0000,0.0000,1.0000,0.0000,
2.5319,2.3499,0.0000,0.0000,0.0000,-1.0000,0.0075,
