2.5054,0.7670,0.0000,0.0000,0.0000,1.0000,0.0000,
2.4988,0.7670,0.0000,0.0000,0.0000,1.0000,0.0000,
2.4921,0.7670,0.0000,0.0000,0.0000,1.0000,0.0000,
2.4854,0.7670,0.0000,0.0000,0.0000,1.0000,0.0000,
2.4787,0.7670,0.0000,0.0000,0.0000,-1.0000,0.0075,
2.4720,0.7669,0.0000,0.0000,0.0000,1.0000,0.0000,
2.4653,0.7669,0.0000,0.0000,0.0000,1.0000,0.0000,
2.4586,0.7669,0.0000,0.0000,0.0000,1.0000,0.0000,
2.4520,0.7669,0.0000,0.0000,0.0000,1.0000,0.0000,
2.4453,0.7669,0.0000,0.0000,0.0000,1.0000,0.0000,
2.4386,0.7669,0.0000,0.0000,0.0000,1.0000,0.0000,
2.4319,0.7669,0.0000,0.0000,0.0000,1.0000,0.0000,
2.4252,0.7669,0.0000,0.0000,0.0000,1.0000,0.0000,
2.4185,0.7669,0.0000,0.0000,0.0000,1.0000,0.0000,
2.4118,0.7669,0.0000,0.0000,0.0000,1.0000,0.0000,
2.4052,0.7669,0.0000,0.0000,0.0000,-1.0000,0.0075,
2.3985,0.7668,0.0000,0.0000,0.0000,1.0000,0.0000,
2.3918,0.7668,0.0000,0.0000,0.0000,1.0000,0.0000,
2.3851,0.7668,0.0000,0.0000,0.0000,1.0000,0.0000,
2.3784,0.7668,0.0000,0.0000,0.0000,1.0000,0.0000,
2.3717,0.7668,0.0000,0.0000,0.0000,1.0000,0.0000,
2.3650,0.7668,0.0000,0.0000,0.0000,1.0000,0.0000,
2.3583,0.7668,0.0000,0.0000,0.0000,1.0000,0.0000,
2.3517,0.7668,0.0000,0.0000,0.0000,1.0000,0.0000,
2.3450,0.7668,0.0000,0.0000,0.0000,1.0000,0.0000,
2.3383,0.7668,0.0000,0.0000,0.0000,1.0000,0.0000,
2.3316,0.7668,0.0000,0.0000,0.0000,-1.0000,0.0075,
2.3249,0.7667,0.0000,0.0000,0.0000,1.0000,0.0000,
2.3182,0.7667,0.0000,0.0000,0.0000,1.0000,0.0000,
2.3115,0.7667,0.0000,0.0000,0.0000,1.0000,0.0000,
2.3049,0.7667,0.0000,0.0000,0.0000,1.0000,0.0000,
2.2982,0.7667,0.0000,0.0000,0.0000,1.0000,0.0000,
2.2915,0.7667,0.0000,0.0000,0.0000,1.0000,0.0000,
2.2848,0.7667,0.0000,0.0000,0.0000,1.0000,0.0000,
2.2781,0.7667,0.0000,0.0000,0.0000,1.0000,0.0000,
2.2714,0.7667,0.0000,0.0000,0.0000,1.0000,0.0000,
2.2647,0.7667,0.0000,0.0000,0.0000,1.0000,0.0000,
2.2581,0.7667,0.0000,0.0000,0.0000,-1.0000,0.0075,
2.2514,0.7666,0.0000,0.0000,0.0000,1.0000,0.0000,
2.2447,0.7666,0.0000,0.0000,0.0000,1.0000,0.0000,
2.2380,0.7666,0.0000,0.0000,0.0000,1.0000,0.0000,
2.2246,0.7666,0.0000,0.0000,0.0000,0.9907,0.1358,
2.2178,0.7685,0.0000,0.0000,0.0000,0.9919,0.1272,
2.2109,0.7703,0.0000,0.0000,0.0000,0.9907,0.1358,
2.2041,0.7722,0.0000,0.0000,0.0000,0.9910,0.1339,
2.1972,0.7741,0.0000,0.0000,0.0000,0.9916,0.1290,
2.1904,0.7759,0.0000,0.0000,0.0000,0.9907,0.1358,
2.1836,0.7778,0.0000,0.0000,0.0000,0.9919,0.1272,
2.1767,0.7796,0.0000,0.0000,0.0000,0.9909,0.1349,
2.1630,0.7834,0.0000,0.0000,0.0000,0.9547,0.2977,
2.1575,0.7872,0.0000,0.0000,0.0000,0.9547,0.2977,
2.1520,0.7910,0.0000,0.0000,0.0000,0.9547,0.2977,
2.1465,0.7948,0.0000,0.0000,0.0000,0.9547,0.2977,
2.1410,0.7986,0.0000,0.0000,0.0000,0.9547,0.2977,
2.1355,0.8024,0.0000,0.0000,0.0000,0.9547,0.2977,
2.1300,0.8062,0.0000,0.0000,0.0000,0.9547,0.2977,
2.1245,0.8100,0.0000,0.0000,0.0000,0.9547,0.2977,
2.1190,0.8138,0.0000,0.0000,0.0000,0.9547,0.2977,
2.1135,0.8176,0.0000,0.0000,0.0000,0.9547,0.2977,
2.1025,0.8252,0.0000,0.0000,0.0000,0.9028,0.4301,
2.0982,0.8305,0.0000,0.0000,0.0000,0.9052,0.4250,
2.0938,0.8358,0.0000,0.0000,0.0000,0.9048,0.4259,
2.0895,0.8410,0.0000,0.0000,0.0000,0.9028,0.4301,
2.0852,0.8463,0.0000,0.0000,0.0000,0.9052,0.4250,
2.0808,0.8516,0.0000,0.0000,0.0000,0.9028,0.4301,
2.0765,0.8569,0.0000,0.0000,0.0000,0.9028,0.4301,
2.0722,0.8622,0.0000,0.0000,0.0000,0.9052,0.4250,
2.0678,0.8675,0.0000,0.0000,0.0000,0.9028,0.4301,
2.0635,0.8728,0.0000,0.0000,0.0000,0.9040,0.4275,
2.0548,0.8834,0.0000,0.0000,0.0000,0.8031,0.5958,
2.0528,0.8900,0.0000,0.0000,0.0000,0.7990,0.6014,
2.0509,0.8966,0.0000,0.0000,0.0000,0.8019,0.5975,
2.0489,0.9033,0.0000,0.0000,0.0000,0.8031,0.5958,
2.0469,0.9099,0.0000,0.0000,0.0000,0.8019,0.5975,
2.0449,0.9166,0.0000,0.0000,0.0000,0.7990,0.6014,
2.0430,0.9232,0.0000,0.0000,0.0000,0.8031,0.5958,
2.0410,0.9298,0.0000,0.0000,0.0000,0.8019,0.5975,
2.0390,0.9365,0.0000,0.0000,0.0000,0.8031,0.5958,
2.0370,0.9431,0.0000,0.0000,0.0000,0.8019,0.5975,
2.0350,0.9498,0.0000,0.0000,0.0000,0.7990,0.6014,
2.0331,0.9564,0.0000,0.0000,0.0000,0.8031,0.5958,
2.0311,0.9630,0.0000,0.0000,0.0000,0.8019,0.5975,
2.0291,0.9697,0.0000,0.0000,0.0000,0.8031,0.5958,
2.0271,0.9763,0.0000,0.0000,0.0000,0.8004,0.5994,
2.0232,0.9896,0.0000,0.0000,0.0000,0.7479,0.6639,
2.0224,0.9963,0.0000,0.0000,0.0000,0.7424,0.6699,
2.0217,1.0031,0.0000,0.0000,0.0000,0.7429,0.6694,
2.0210,1.0098,0.0000,0.0000,0.0000,0.7479,0.6639,
2.0202,1.0165,0.0000,0.0000,0.0000,0.7424,0.6699,
2.0195,1.0233,0.0000,0.0000,0.0000,0.7479,0.6639,
2.0187,1.0300,0.0000,0.0000,0.0000,0.7429,0.6694,
2.0180,1.0367,0.0000,0.0000,0.0000,0.7429,0.6694,
2.0173,1.0434,0.0000,0.0000,0.0000,0.7473,0.6645,
2.0165,1.0502,0.0000,0.0000,0.0000,0.7429,0.6694,
2.0158,1.0569,0.0000,0.0000,0.0000,0.7479,0.6639,
2.0150,1.0636,0.0000,0.0000,0.0000,0.7429,0.6694,
2.0143,1.0703,0.0000,0.0000,0.0000,0.7473,0.6645,
2.0135,1.0771,0.0000,0.0000,0.0000,0.7429,0.6694,
2.0121,1.0905,0.0000,0.0000,0.0000,0.7124,0.7018,
2.0120,1.0972,0.0000,0.0000,0.0000,0.7071,0.7071,
2.0120,1.1039,0.0000,0.0000,0.0000,0.7071,0.7071,
2.0120,1.1106,0.0000,0.0000,0.0000,0.7071,0.7071,
2.0120,1.1174,0.0000,0.0000,0.0000,0.7124,0.7018,
2.0119,1.1241,0.0000,0.0000,0.0000,0.7071,0.7071,
2.0119,1.1308,0.0000,0.0000,0.0000,0.7071,0.7071,
2.0119,1.1375,0.0000,0.0000,0.0000,0.7071,0.7071,
2.0119,1.1442,0.0000,0.0000,0.0000,0.7124,0.7018,
2.0118,1.1509,0.0000,0.0000,0.0000,0.7071,0.7071,
2.0118,1.1576,0.0000,0.0000,0.0000,0.7071,0.7071,
2.0118,1.1643,0.0000,0.0000,0.0000,0.7124,0.7018,
2.0117,1.1710,0.0000,0.0000,0.0000,0.7071,0.7071,
2.0117,1.1777,0.0000,0.0000,0.0000,0.7071,0.7071,
2.0117,1.1844,0.0000,0.0000,0.0000,0.7071,0.7071,
2.0117,1.1911,0.0000,0.0000,0.0000,0.7124,0.7018,
2.0116,1.1978,0.0000,0.0000,0.0000,0.7071,0.7071,
2.0116,1.2045,0.0000,0.0000,0.0000,0.7071,0.7071,
2.0116,1.2112,0.0000,0.0000,0.0000,0.7071,0.7071,
2.0116,1.2180,0.0000,0.0000,0.0000,0.7124,0.7018,
2.0115,1.2247,0.0000,0.0000,0.0000,0.7071,0.7071,
2.0115,1.2314,0.0000,0.0000,0.0000,0.7071,0.7071,
2.0115,1.2381,0.0000,0.0000,0.0000,0.7124,0.7018,
2.0114,1.2448,0.0000,0.0000,0.0000,0.7071,0.7071,
2.0114,1.2515,0.0000,0.0000,0.0000,0.7071,0.7071,
2.0114,1.2582,0.0000,0.0000,0.0000,0.7071,0.7071,
2.0114,1.2649,0.0000,0.0000,0.0000,0.7124,0.7018,
2.0113,1.2716,0.0000,0.0000,0.0000,0.7071,0.7071,
2.0113,1.2783,0.0000,0.0000,0.0000,0.7071,0.7071,
2.0113,1.2850,0.0000,0.0000,0.0000,0.7071,0.7071,
2.0113,1.2917,0.0000,0.0000,0.0000,0.7124,0.7018,
2.0112,1.2984,0.0000,0.0000,0.0000,0.7071,0.7071,
2.0112,1.3051,0.0000,0.0000,0.0000,0.7071,0.7071,
2.0112,1.3118,0.0000,0.0000,0.0000,0.7124,0.7018,
2.0111,1.3185,0.0000,0.0000,0.0000,0.7071,0.7071,
2.0111,1.3253,0.0000,0.0000,0.0000,0.7071,0.7071,
2.0111,1.3320,0.0000,0.0000,0.0000,0.7071,0.7071,
2.0111,1.3387,0.0000,0.0000,0.0000,0.7124,0.7018,
2.0110,1.3454,0.0000,0.0000,0.0000,0.7071,0.7071,
2.0110,1.3521,0.0000,0.0000,0.0000,0.7071,0.7071,
2.0110,1.3588,0.0000,0.0000,0.0000,0.7071,0.7071,
2.0110,1.3655,0.0000,0.0000,0.0000,0.7124,0.7018,
2.0109,1.3722,0.0000,0.0000,0.0000,0.7071,0.7071,
2.0109,1.3789,0.0000,0.0000,0.0000,0.7071,0.7071,
2.0109,1.3856,0.0000,0.0000,0.0000,0.7124,0.7018,
2.0108,1.3923,0.0000,0.0000,0.0000,0.7071,0.7071,
2.0108,1.3990,0.0000,0.0000,0.0000,0.7071,0.7071,
2.0108,1.4057,0.0000,0.0000,0.0000,0.7071,0.7071,
2.0108,1.4124,0.0000,0.0000,0.0000,0.7124,0.7018,
2.0107,1.4191,0.0000,0.0000,0.0000,0.7071,0.7071,
2.0107,1.4259,0.0000,0.0000,0.0000,0.7071,0.7071,
2.0107,1.4326,0.0000,0.0000,0.0000,0.7071,0.7071,
2.0107,1.4393,0.0000,0.0000,0.0000,0.7124,0.7018,
2.0106,1.4460,0.0000,0.0000,0.0000,0.7071,0.7071,
2.0106,1.4527,0.0000,0.0000,0.0000,0.7071,0.7071,
2.0106,1.4594,0.0000,0.0000,0.0000,0.7124,0.7018,
2.0105,1.4661,0.0000,0.0000,0.0000,0.7071,0.7071,
2.0105,1.4728,0.0000,0.0000,0.0000,0.7071,0.7071,
2.0105,1.4795,0.0000,0.0000,0.0000,0.7071,0.7071,
2.0105,1.4862,0.0000,0.0000,0.0000,0.7124,0.7018,
2.0104,1.4929,0.0000,0.0000,0.0000,0.7071,0.7071,
2.0104,1.4996,0.0000,0.0000,0.0000,0.7071,0.7071,
2.0104,1.5063,0.0000,0.0000,0.0000,0.7071,0.7071,
2.0104,1.5130,0.0000,0.0000,0.0000,0.7124,0.7018,
2.0103,1.5197,0.0000,0.0000,0.0000,0.7071,0.7071,
2.0103,1.5265,0.0000,0.0000,0.0000,0.7071,0.7071,
2.0103,1.5332,0.0000,0.0000,0.0000,0.7071,0.7071,
2.0103,1.5399,0.0000,0.0000,0.0000,0.7124,0.7018,
2.0102,1.5466,0.0000,0.0000,0.0000,0.7071,0.7071,
2.0102,1.5533,0.0000,0.0000,0.0000,0.7071,0.7071,
2.0102,1.5600,0.0000,0.0000,0.0000,0.7124,0.7018,
2.0101,1.5667,0.0000,0.0000,0.0000,0.7071,0.7071,
2.0101,1.5734,0.0000,0.0000,0.0000,0.7071,0.7071,
2.0101,1.5801,0.0000,0.0000,0.0000,0.7071,0.7071,
2.0101,1.5868,0.0000,0.0000,0.0000,0.7124,0.7018,
2.0100,1.5935,0.0000,0.0000,0.0000,0.7071,0.7071,
2.0100,1.6002,0.0000,0.0000,0.0000,0.7071,0.7071,
2.0100,1.6069,0.0000,0.0000,0.0000,0.7071,0.7071,
2.0100,1.6136,0.0000,0.0000,0.0000,0.7124,0.7018,
2.0099,1.6203,0.0000,0.0000,0.0000,0.7071,0.7071,
2.0099,1.6271,0.0000,0.0000,0.0000,0.7071,0.7071,
2.0099,1.6338,0.0000,0.0000,0.0000,0.7124,0.7018,
2.0098,1.6405,0.0000,0.0000,0.0000,0.7071,0.7071,
2.0098,1.6472,0.0000,0.0000,0.0000,0.7071,0.7071,
2.0098,1.6539,0.0000,0.0000,0.0000,0.7097,0.7045,
2.0097,1.6673,0.0000,0.0000,0.0000,0.7020,0.7121,
2.0098,1.6743,0.0000,0.0000,0.0000,0.7071,0.7071,
2.0098,1.6812,0.0000,0.0000,0.0000,0.7020,0.7121,
2.0099,1.6882,0.0000,0.0000,0.0000,0.7020,0.7122,
2.0100,1.6951,0.0000,0.0000,0.0000,0.7071,0.7071,
2.0100,1.7021,0.0000,0.0000,0.0000,0.7020,0.7121,
2.0101,1.7091,0.0000,0.0000,0.0000,0.7071,0.7071,
2.0101,1.7160,0.0000,0.0000,0.0000,0.7020,0.7121,
2.0102,1.7230,0.0000,0.0000,0.0000,0.7071,0.7071,
2.0102,1.7300,0.0000,0.0000,0.0000,0.7020,0.7122,
2.0103,1.7369,0.0000,0.0000,0.0000,0.7071,0.7071,
2.0103,1.7439,0.0000,0.0000,0.0000,0.7020,0.7121,
2.0104,1.7509,0.0000,0.0000,0.0000,0.7020,0.7122,
2.0105,1.7578,0.0000,0.0000,0.0000,0.7071,0.7071,
2.0105,1.7648,0.0000,0.0000,0.0000,0.7020,0.7122,
2.0106,1.7717,0.0000,0.0000,0.0000,0.7071,0.7071,
2.0106,1.7787,0.0000,0.0000,0.0000,0.7046,0.7096,
2.0107,1.7926,0.0000,0.0000,0.0000,0.5953,0.8035,
2.0128,1.7995,0.0000,0.0000,0.0000,0.5953,0.8035,
2.0149,1.8064,0.0000,0.0000,0.0000,0.6007,0.7995,
2.0169,1.8133,0.0000,0.0000,0.0000,0.5953,0.8035,
2.0190,1.8202,0.0000,0.0000,0.0000,0.6007,0.7995,
2.0210,1.8271,0.0000,0.0000,0.0000,0.5953,0.8035,
2.0231,1.8340,0.0000,0.0000,0.0000,0.6007,0.7995,
2.0251,1.8409,0.0000,0.0000,0.0000,0.5953,0.8035,
2.0272,1.8478,0.0000,0.0000,0.0000,0.5980,0.8015,
2.0313,1.8616,0.0000,0.0000,0.0000,0.4150,0.9098,
2.0359,1.8669,0.0000,0.0000,0.0000,0.4242,0.9056,
2.0404,1.8723,0.0000,0.0000,0.0000,0.4242,0.9056,
2.0449,1.8777,0.0000,0.0000,0.0000,0.4192,0.9079,
2.0495,1.8831,0.0000,0.0000,0.0000,0.4242,0.9056,
2.0540,1.8885,0.0000,0.0000,0.0000,0.4192,0.9079,
2.0586,1.8939,0.0000,0.0000,0.0000,0.4242,0.9056,
2.0631,1.8993,0.0000,0.0000,0.0000,0.4192,0.9079,
2.0677,1.9047,0.0000,0.0000,0.0000,0.4242,0.9056,
2.0767,1.9155,0.0000,0.0000,0.0000,0.2267,0.9740,
2.0832,1.9187,0.0000,0.0000,0.0000,0.2238,0.9746,
2.0898,1.9219,0.0000,0.0000,0.0000,0.2267,0.9740,
2.0963,1.9251,0.0000,0.0000,0.0000,0.2267,0.9740,
2.1028,1.9283,0.0000,0.0000,0.0000,0.2207,0.9753,
2.1093,1.9314,0.0000,0.0000,0.0000,0.2267,0.9740,
2.1158,1.9346,0.0000,0.0000,0.0000,0.2267,0.9740,
2.1223,1.9378,0.0000,0.0000,0.0000,0.2267,0.9740,
2.1288,1.9410,0.0000,0.0000,0.0000,0.2267,0.9740,
2.1353,1.9442,0.0000,0.0000,0.0000,0.2237,0.9747,
2.1483,1.9505,0.0000,0.0000,0.0000,0.1153,0.9933,
2.1551,1.9521,0.0000,0.0000,0.0000,0.1137,0.9935,
2.1620,1.9537,0.0000,0.0000,0.0000,0.1153,0.9933,
2.1688,1.9553,0.0000,0.0000,0.0000,0.1153,0.9933,
2.1756,1.9569,0.0000,0.0000,0.0000,0.1137,0.9935,
2.1825,1.9585,0.0000,0.0000,0.0000,0.1153,0.9933,
2.1893,1.9601,0.0000,0.0000,0.0000,0.1153,0.9933,
2.1961,1.9617,0.0000,0.0000,0.0000,0.1137,0.9935,
2.2030,1.9633,0.0000,0.0000,0.0000,0.1083,0.9941,
2.2098,1.9648,0.0000,0.0000,0.0000,0.1137,0.9935,
2.2167,1.9664,0.0000,0.0000,0.0000,0.1153,0.9933,
2.2235,1.9680,0.0000,0.0000,0.0000,0.1153,0.9933,
2.2303,1.9696,0.0000,0.0000,0.0000,0.1137,0.9935,
2.2372,1.9712,0.0000,0.0000,0.0000,0.1153,0.9933,
2.2440,1.9728,0.0000,0.0000,0.0000,0.1153,0.9933,
2.2508,1.9744,0.0000,0.0000,0.0000,0.1137,0.9935,
2.2577,1.9760,0.0000,0.0000,0.0000,0.1083,0.9941,
2.2645,1.9775,0.0000,0.0000,0.0000,0.1145,0.9934,
2.2782,1.9807,0.0000,0.0000,0.0000,0.0000,1.0000,
2.2849,1.9807,0.0000,0.0000,0.0000,0.0075,1.0000,
2.2916,1.9808,0.0000,0.0000,0.0000,0.0000,1.0000,
2.2984,1.9808,0.0000,0.0000,0.0000,0.0000,1.0000,
2.3051,1.9808,0.0000,0.0000,0.0000,0.0000,1.0000,
2.3119,1.9808,0.0000,0.0000,0.0000,0.0075,1.0000,
2.3186,1.9809,0.0000,0.0000,0.0000,0.0000,1.0000,
2.3253,1.9809,0.0000,0.0000,0.0000,0.0000,1.0000,
2.3321,1.9809,0.0000,0.0000,0.0000,0.0000,1.0000,
2.3388,1.9809,0.0000,0.0000,0.0000,0.0074,1.0000,
2.3456,1.9810,0.0000,0.0000,0.0000,0.0000,1.0000,
2.3523,1.9810,0.0000,0.0000,0.0000,0.0000,1.0000,
2.3590,1.9810,0.0000,0.0000,0.0000,0.0000,1.0000,
2.3658,1.9810,0.0000,0.0000,0.0000,0.0075,1.0000,
2.3725,1.9811,0.0000,0.0000,0.0000,0.0000,1.0000,
2.3793,1.9811,0.0000,0.0000,0.0000,0.0000,1.0000,
2.3860,1.9811,0.0000,0.0000,0.0000,0.0000,1.0000,
2.3927,1.9811,0.0000,0.0000,0.0000,0.0074,1.0000,
2.3995,1.9812,0.0000,0.0000,0.0000,0.0000,1.0000,
2.4062,1.9812,0.0000,0.0000,0.0000,0.0000,1.0000,
2.4130,1.9812,0.0000,0.0000,0.0000,0.0000,1.0000,
2.4197,1.9812,0.0000,0.0000,0.0000,0.0075,1.0000,
2.4264,1.9813,0.0000,0.0000,0.0000,0.0000,1.0000,
2.4332,1.9813,0.0000,0.0000,0.0000,0.0000,1.0000,
2.4399,1.9813,0.0000,0.0000,0.0000,0.0000,1.0000,
2.4467,1.9813,0.0000,0.0000,0.0000,0.0075,1.0000,
2.4534,1.9814,0.0000,0.0000,0.0000,0.0000,1.0000,
2.4601,1.9814,0.0000,0.0000,0.0000,0.0000,1.0000,
2.4669,1.9814,0.0000,0.0000,0.0000,0.0000,1.0000,
2.4736,1.9814,0.0000,0.0000,0.0000,0.0074,1.0000,
2.4804,1.9815,0.0000,0.0000,0.0000,0.0000,1.0000,
2.4871,1.9815,0.0000,0.0000,0.0000,0.0000,1.0000,
2.4938,1.9815,0.0000,0.0000,0.0000,0.0000,1.0000,
2.5006,1.9815,0.0000,0.0000,0.0000,0.0000,1.0000,
