2.4309,3.5993,0.0000,0.0000,0.0000,-0.1043,0.9945,
2.4375,3.5979,0.0000,0.0000,0.0000,-0.1059,0.9944,
2.4440,3.5965,0.0000,0.0000,0.0000,-0.1043,0.9945,
2.4506,3.5951,0.0000,0.0000,0.0000,-0.1132,0.9936,
2.4571,3.5936,0.0000,0.0000,0.0000,-0.1043,0.9945,
2.4637,3.5922,0.0000,0.0000,0.0000,-0.1059,0.9944,
2.4702,3.5908,0.0000,0.0000,0.0000,-0.1043,0.9945,
2.4768,3.5894,0.0000,0.0000,0.0000,-0.1059,0.9944,
2.4833,3.5880,0.0000,0.0000,0.0000,-0.1059,0.9944,
2.4898,3.5866,0.0000,0.0000,0.0000,-0.1043,0.9945,
2.4964,3.5852,0.0000,0.0000,0.0000,-0.1059,0.9944,
2.5029,3.5838,0.0000,0.0000,0.0000,-0.1115,0.9938,
2.5095,3.5823,0.0000,0.0000,0.0000,-0.1059,0.9944,
2.5160,3.5809,0.0000,0.0000,0.0000,-0.1043,0.9945,
2.5226,3.5795,0.0000,0.0000,0.0000,-0.1059,0.9944,
2.5291,3.5781,0.0000,0.0000,0.0000,-0.1043,0.9945,
2.5357,3.5767,0.0000,0.0000,0.0000,-0.1059,0.9944,
2.5422,3.5753,0.0000,0.0000,0.0000,-0.1043,0.9945,
2.5488,3.5739,0.0000,0.0000,0.0000,-0.1132,0.9936,
2.5553,3.5724,0.0000,0.0000,0.0000,-0.1043,0.9945,
2.5619,3.5710,0.0000,0.0000,0.0000,-0.1059,0.9944,
2.5684,3.5696,0.0000,0.0000,0.0000,-0.1043,0.9945,
2.5750,3.5682,0.0000,0.0000,0.0000,-0.1059,0.9944,
2.5815,3.5668,0.0000,0.0000,0.0000,-0.1059,0.9944,
2.5880,3.5654,0.0000,0.0000,0.0000,-0.1051,0.9945,
2.6011,3.5626,0.0000,0.0000,0.0000,-0.2201,0.9755,
2.6072,3.5597,0.0000,0.0000,0.0000,-0.2201,0.9755,
2.6133,3.5568,0.0000,0.0000,0.0000,-0.2170,0.9762,
2.6195,3.5539,0.0000,0.0000,0.0000,-0.2201,0.9755,
2.6256,3.5510,0.0000,0.0000,0.0000,-0.2135,0.9769,
2.6317,3.5482,0.0000,0.0000,0.0000,-0.2201,0.9755,
2.6378,3.5453,0.0000,0.0000,0.0000,-0.2201,0.9755,
2.6439,3.5424,0.0000,0.0000,0.0000,-0.2201,0.9755,
2.6500,3.5395,0.0000,0.0000,0.0000,-0.2201,0.9755,
2.6561,3.5366,0.0000,0.0000,0.0000,-0.2201,0.9755,
2.6622,3.5337,0.0000,0.0000,0.0000,-0.2135,0.9769,
2.6683,3.5309,0.0000,0.0000,0.0000,-0.2201,0.9755,
2.6744,3.5280,0.0000,0.0000,0.0000,-0.2201,0.9755,
2.6866,3.5222,0.0000,0.0000,0.0000,-0.3269,0.9451,
2.6922,3.5178,0.0000,0.0000,0.0000,-0.3310,0.9436,
2.6977,3.5134,0.0000,0.0000,0.0000,-0.3257,0.9455,
2.7032,3.5091,0.0000,0.0000,0.0000,-0.3269,0.9451,
2.7088,3.5047,0.0000,0.0000,0.0000,-0.3310,0.9436,
2.7143,3.5003,0.0000,0.0000,0.0000,-0.3269,0.9451,
2.7199,3.4959,0.0000,0.0000,0.0000,-0.3310,0.9436,
2.7254,3.4915,0.0000,0.0000,0.0000,-0.3269,0.9451,
2.7310,3.4871,0.0000,0.0000,0.0000,-0.3310,0.9436,
2.7365,3.4827,0.0000,0.0000,0.0000,-0.3269,0.9451,
2.7421,3.4783,0.0000,0.0000,0.0000,-0.3284,0.9445,
2.7531,3.4696,0.0000,0.0000,0.0000,-0.5004,0.8658,
2.7565,3.4637,0.0000,0.0000,0.0000,-0.5059,0.8626,
2.7598,3.4578,0.0000,0.0000,0.0000,-0.5059,0.8626,
2.7631,3.4519,0.0000,0.0000,0.0000,-0.5059,0.8626,
2.7664,3.4460,0.0000,0.0000,0.0000,-0.5059,0.8626,
2.7697,3.4401,0.0000,0.0000,0.0000,-0.5059,0.8626,
2.7730,3.4342,0.0000,0.0000,0.0000,-0.5059,0.8626,
2.7763,3.4283,0.0000,0.0000,0.0000,-0.5059,0.8626,
2.7796,3.4224,0.0000,0.0000,0.0000,-0.5059,0.8626,
2.7862,3.4106,0.0000,0.0000,0.0000,-0.6694,0.7429,
2.7869,3.4039,0.0000,0.0000,0.0000,-0.6645,0.7473,
2.7877,3.3971,0.0000,0.0000,0.0000,-0.6699,0.7424,
2.7884,3.3903,0.0000,0.0000,0.0000,-0.6699,0.7424,
2.7891,3.3835,0.0000,0.0000,0.0000,-0.6645,0.7473,
2.7899,3.3767,0.0000,0.0000,0.0000,-0.6699,0.7424,
2.7906,3.3699,0.0000,0.0000,0.0000,-0.6699,0.7424,
2.7913,3.3631,0.0000,0.0000,0.0000,-0.6645,0.7473,
2.7921,3.3563,0.0000,0.0000,0.0000,-0.6699,0.7424,
2.7928,3.3495,0.0000,0.0000,0.0000,-0.6645,0.7473,
2.7936,3.3427,0.0000,0.0000,0.0000,-0.6699,0.7424,
2.7943,3.3359,0.0000,0.0000,0.0000,-0.6699,0.7424,
2.7950,3.3291,0.0000,0.0000,0.0000,-0.6645,0.7473,
2.7958,3.3223,0.0000,0.0000,0.0000,-0.6699,0.7424,
2.7965,3.3155,0.0000,0.0000,0.0000,-0.6672,0.7449,
2.7980,3.3019,0.0000,0.0000,0.0000,-0.7017,0.7124,
2.7981,3.2953,0.0000,0.0000,0.0000,-0.6965,0.7176,
2.7983,3.2886,0.0000,0.0000,0.0000,-0.6965,0.7176,
2.7985,3.2819,0.0000,0.0000,0.0000,-0.6963,0.7177,
2.7987,3.2753,0.0000,0.0000,0.0000,-0.6965,0.7176,
2.7989,3.2686,0.0000,0.0000,0.0000,-0.7018,0.7124,
2.7990,3.2619,0.0000,0.0000,0.0000,-0.6965,0.7176,
2.7992,3.2552,0.0000,0.0000,0.0000,-0.6963,0.7177,
2.7994,3.2486,0.0000,0.0000,0.0000,-0.6965,0.7176,
2.7996,3.2419,0.0000,0.0000,0.0000,-0.7018,0.7124,
2.7997,3.2352,0.0000,0.0000,0.0000,-0.6963,0.7177,
2.7999,3.2286,0.0000,0.0000,0.0000,-0.6965,0.7176,
2.8001,3.2219,0.0000,0.0000,0.0000,-0.6965,0.7176,
2.8003,3.2152,0.0000,0.0000,0.0000,-0.6965,0.7176,
2.8005,3.2085,0.0000,0.0000,0.0000,-0.7017,0.7124,
2.8006,3.2019,0.0000,0.0000,0.0000,-0.6965,0.7176,
2.8008,3.1952,0.0000,0.0000,0.0000,-0.6965,0.7176,
2.8010,3.1885,0.0000,0.0000,0.0000,-0.6963,0.7177,
2.8012,3.1819,0.0000,0.0000,0.0000,-0.7018,0.7124,
2.8013,3.1752,0.0000,0.0000,0.0000,-0.6965,0.7176,
2.8015,3.1685,0.0000,0.0000,0.0000,-0.6965,0.7176,
2.8017,3.1618,0.0000,0.0000,0.0000,-0.6963,0.7177,
2.8019,3.1552,0.0000,0.0000,0.0000,-0.6965,0.7176,
2.8021,3.1485,0.0000,0.0000,0.0000,-0.7018,0.7124,
2.8022,3.1418,0.0000,0.0000,0.0000,-0.6963,0.7177,
2.8024,3.1352,0.0000,0.0000,0.0000,-0.6965,0.7176,
2.8026,3.1285,0.0000,0.0000,0.0000,-0.6965,0.7176,
2.8028,3.1218,0.0000,0.0000,0.0000,-0.7017,0.7124,
2.8029,3.1152,0.0000,0.0000,0.0000,-0.6965,0.7176,
2.8031,3.1085,0.0000,0.0000,0.0000,-0.6965,0.7176,
2.8033,3.1018,0.0000,0.0000,0.0000,-0.6965,0.7176,
2.8035,3.0951,0.0000,0.0000,0.0000,-0.6963,0.7177,
2.8037,3.0885,0.0000,0.0000,0.0000,-0.7018,0.7124,
2.8038,3.0818,0.0000,0.0000,0.0000,-0.6965,0.7176,
2.8040,3.0751,0.0000,0.0000,0.0000,-0.6963,0.7177,
