5.6556,3.0242,0.0000,0.0000,0.0000,0.7071,0.7071,
5.6556,3.0309,0.0000,0.0000,0.0000,0.7071,0.7071,
5.6556,3.0376,0.0000,0.0000,0.0000,0.7071,0.7071,
5.6556,3.0443,0.0000,0.0000,0.0000,0.7071,0.7071,
5.6556,3.0510,0.0000,0.0000,0.0000,0.7071,0.7071,
5.6556,3.0577,0.0000,0.0000,0.0000,0.7071,0.7071,
5.6556,3.0644,0.0000,0.0000,0.0000,0.7071,0.7071,
5.6556,3.0711,0.0000,0.0000,0.0000,0.7071,0.7071,
5.6556,3.0778,0.0000,0.0000,0.0000,0.7071,0.7071,
5.6556,3.0845,0.0000,0.0000,0.0000,0.7071,0.7071,
5.6556,3.0912,0.0000,0.0000,0.0000,0.7071,0.7071,
5.6556,3.0979,0.0000,0.0000,0.0000,0.7071,0.7071,
5.6556,3.1046,0.0000,0.0000,0.0000,0.7071,0.7071,
5.6556,3.1113,0.0000,0.0000,0.0000,0.7071,0.7071,
5.6556,3.1180,0.0000,0.0000,0.0000,0.7071,0.7071,
5.6556,3.1247,0.0000,0.0000,0.0000,0.7071,0.7071,
5.6556,3.1314,0.0000,0.0000,0.0000,0.7071,0.7071,
5.6556,3.1381,0.0000,0.0000,0.0000,0.7071,0.7071,
5.6556,3.1448,0.0000,0.0000,0.0000,0.7071,0.7071,
5.6556,3.1515,0.0000,0.0000,0.0000,0.7071,0.7071,
5.6556,3.1582,0.0000,0.0000,0.0000,0.7071,0.7071,
5.6556,3.1649,0.0000,0.0000,0.0000,0.7071,0.7071,
5.6556,3.1716,0.0000,0.0000,0.0000,0.7071,0.7071,
5.6556,3.1783,0.0000,0.0000,0.0000,0.7071,0.7071,
5.6556,3.1850,0.0000,0.0000,0.0000,0.7071,0.7071,
5.6556,3.1917,0.0000,0.0000,0.0000,0.7071,0.7071,
5.6556,3.1984,0.0000,0.0000,0.0000,0.7071,0.7071,
5.6556,3.2051,0.0000,0.0000,0.0000,0.7071,0.7071,
5.6556,3.2118,0.0000,0.0000,0.0000,0.7071,0.7071,
5.6556,3.2185,0.0000,0.0000,0.0000,0.7071,0.7071,
5.6556,3.2252,0.0000,0.0000,0.0000,0.7071,0.7071,
5.6556,3.2319,0.0000,0.0000,0.0000,0.7071,0.7071,
5.6556,3.2386,0.0000,0.0000,0.0000,0.7071,0.7071,
5.6556,3.2453,0.0000,0.0000,0.0000,0.7071,0.7071,
5.6556,3.2520,0.0000,0.0000,0.0000,0.7071,0.7071,
5.6556,3.2587,0.0000,0.0000,0.0000,0.7071,0.7071,
5.6556,3.2654,0.0000,0.0000,0.0000,0.7071,0.7071,
5.6556,3.2721,0.0000,0.0000,0.0000,0.7071,0.7071,
5.6556,3.2788,0.0000,0.0000,0.0000,0.7124,0.7018,
5.6555,3.2855,0.0000,0.0000,0.0000,0.7071,0.7071,
5.6555,3.2922,0.0000,0.0000,0.0000,0.7071,0.7071,
5.6555,3.2989,0.0000,0.0000,0.0000,0.7071,0.7071,
5.6555,3.3056,0.0000,0.0000,0.0000,0.7071,0.7071,
5.6555,3.3123,0.0000,0.0000,0.0000,0.7071,0.7071,
5.6555,3.3190,0.0000,0.0000,0.0000,0.7071,0.7071,
5.6555,3.3257,0.0000,0.0000,0.0000,0.7071,0.7071,
5.6555,3.3324,0.0000,0.0000,0.0000,0.7071,0.7071,
5.6555,3.3391,0.0000,0.0000,0.0000,0.7071,0.7071,
5.6555,3.3458,0.0000,0.0000,0.0000,0.7071,0.7071,
5.6555,3.3525,0.0000,0.0000,0.0000,0.7071,0.7071,
5.6555,3.3592,0.0000,0.0000,0.0000,0.7071,0.7071,
5.6555,3.3659,0.0000,0.0000,0.0000,0.7071,0.7071,
5.6555,3.3726,0.0000,0.0000,0.0000,0.7071,0.7071,
5.6555,3.3793,0.0000,0.0000,0.0000,0.7071,0.7071,
5.6555,3.3860,0.0000,0.0000,0.0000,0.7071,0.7071,
5.6555,3.3927,0.0000,0.0000,0.0000,0.7071,0.7071,
5.6555,3.3994,0.0000,0.0000,0.0000,0.7071,0.7071,
5.6555,3.4061,0.0000,0.0000,0.0000,0.7071,0.7071,
5.6555,3.4128,0.0000,0.0000,0.0000,0.7071,0.7071,
5.6555,3.4195,0.0000,0.0000,0.0000,0.7071,0.7071,
5.6555,3.4262,0.0000,0.0000,0.0000,0.7071,0.7071,
5.6555,3.4329,0.0000,0.0000,0.0000,0.7071,0.7071,
5.6555,3.4396,0.0000,0.0000,0.0000,0.7071,0.7071,
5.6555,3.4463,0.0000,0.0000,0.0000,0.7071,0.7071,
5.6555,3.4530,0.0000,0.0000,0.0000,0.7071,0.7071,
5.6555,3.4597,0.0000,0.0000,0.0000,0.7071,0.7071,
5.6555,3.4664,0.0000,0.0000,0.0000,0.7071,0.7071,
5.6555,3.4731,0.0000,0.0000,0.0000,0.7071,0.7071,
5.6555,3.4798,0.0000,0.0000,0.0000,0.7071,0.7071,
5.6555,3.4865,0.0000,0.0000,0.0000,0.7071,0.7071,
5.6555,3.4932,0.0000,0.0000,0.0000,0.7071,0.7071,
5.6555,3.4999,0.0000,0.0000,0.0000,0.7071,0.7071,
5.6555,3.5066,0.0000,0.0000,0.0000,0.7071,0.7071,
5.6555,3.5133,0.0000,0.0000,0.0000,0.7071,0.7071,
5.6555,3.5200,0.0000,0.0000,0.0000,0.7071,0.7071,
5.6555,3.5267,0.0000,0.0000,0.0000,0.7071,0.7071,
5.6555,3.5334,0.0000,0.0000,0.0000,0.7071,0.7071,
5.6555,3.5401,0.0000,0.0000,0.0000,0.7071,0.7071,
5.6555,3.5468,0.0000,0.0000,0.0000,0.7071,0.7071,
5.6555,3.5535,0.0000,0.0000,0.0000,0.7071,0.7071,
5.6555,3.5602,0.0000,0.0000,0.0000,0.7071,0.7071,
5.6555,3.5669,0.0000,0.0000,0.0000,0.7071,0.7071,
5.6555,3.5736,0.0000,0.0000,0.0000,0.7071,0.7071,
5.6555,3.5803,0.0000,0.0000,0.0000,0.7071,0.7071,
5.6555,3.5870,0.0000,0.0000,0.0000,0.7071,0.7071,
5.6555,3.5936,0.0000,0.0000,0.0000,0.7071,0.7071,
5.6555,3.6003,0.0000,0.0000,0.0000,0.7071,0.7071,
5.6555,3.6070,0.0000,0.0000,0.0000,0.7071,0.7071,
5.6555,3.6137,0.0000,0.0000,0.0000,0.7071,0.7071,
5.6555,3.6204,0.0000,0.0000,0.0000,0.7071,0.7071,
5.6555,3.6271,0.0000,0.0000,0.0000,0.7071,0.7071,
5.6555,3.6338,0.0000,0.0000,0.0000,0.7071,0.7071,
5.6555,3.6405,0.0000,0.0000,0.0000,0.7071,0.7071,
5.6555,3.6472,0.0000,0.0000,0.0000,0.7071,0.7071,
5.6555,3.6539,0.0000,0.0000,0.0000,0.7071,0.7071,
5.6555,3.6606,0.0000,0.0000,0.0000,0.7071,0.7071,
5.6555,3.6673,0.0000,0.0000,0.0000,0.7071,0.7071,
5.6555,3.6740,0.0000,0.0000,0.0000,0.7071,0.7071,
5.6555,3.6807,0.0000,0.0000,0.0000,0.7071,0.7071,
5.6555,3.6874,0.0000,0.0000,0.0000,0.7071,0.7071,
5.6555,3.6941,0.0000,0.0000,0.0000,0.7071,0.7071,
5.6555,3.7008,0.0000,0.0000,0.0000,0.7124,0.7018,
5.6554,3.7075,0.0000,0.0000,0.0000,0.7071,0.7071,
5.6554,3.7142,0.0000,0.0000,0.0000,0.7071,0.7071,
5.6554,3.7209,0.0000,0.0000,0.0000,0.7071,0.7071,
5.6554,3.7276,0.0000,0.0000,0.0000,0.7071,0.7071,
5.6554,3.7343,0.0000,0.0000,0.0000,0.7071,0.7071,
5.6554,3.7410,0.0000,0.0000,0.0000,0.7071,0.7071,
5.6554,3.7477,0.0000,0.0000,0.0000,0.7071,0.7071,
5.6554,3.7544,0.0000,0.0000,0.0000,0.7071,0.7071,
5.6554,3.7611,0.0000,0.0000,0.0000,0.7071,0.7071,
5.6554,3.7678,0.0000,0.0000,0.0000,0.7071,0.7071,
5.6554,3.7745,0.0000,0.0000,0.0000,0.7071,0.7071,
5.6554,3.7812,0.0000,0.0000,0.0000,0.7071,0.7071,
5.6554,3.7879,0.0000,0.0000,0.0000,0.7071,0.7071,
5.6554,3.7946,0.0000,0.0000,0.0000,0.7071,0.7071,
5.6554,3.8013,0.0000,0.0000,0.0000,0.7071,0.7071,
5.6554,3.8080,0.0000,0.0000,0.0000,0.7071,0.7071,
5.6554,3.8147,0.0000,0.0000,0.0000,0.7071,0.7071,
5.6554,3.8214,0.0000,0.0000,0.0000,0.7071,0.7071,
5.6554,3.8281,0.0000,0.0000,0.0000,0.7071,0.7071,
5.6554,3.8348,0.0000,0.0000,0.0000,0.7071,0.7071,
5.6554,3.8415,0.0000,0.0000,0.0000,0.7071,0.7071,
5.6554,3.8482,0.0000,0.0000,0.0000,0.7071,0.7071,
5.6554,3.8549,0.0000,0.0000,0.0000,0.7071,0.7071,
5.6554,3.8616,0.0000,0.0000,0.0000,0.7071,0.7071,
5.6554,3.8683,0.0000,0.0000,0.0000,0.7071,0.7071,
5.6554,3.8750,0.0000,0.0000,0.0000,0.7071,0.7071,
5.6554,3.8817,0.0000,0.0000,0.0000,0.7071,0.7071,
5.6554,3.8884,0.0000,0.0000,0.0000,0.7071,0.7071,
5.6554,3.8951,0.0000,0.0000,0.0000,0.7071,0.7071,
5.6554,3.9018,0.0000,0.0000,0.0000,0.7071,0.7071,
5.6554,3.9085,0.0000,0.0000,0.0000,0.7071,0.7071,
5.6554,3.9152,0.0000,0.0000,0.0000,0.7071,0.7071,
5.6554,3.9219,0.0000,0.0000,0.0000,0.7071,0.7071,
5.6554,3.9286,0.0000,0.0000,0.0000,0.7071,0.7071,
5.6554,3.9353,0.0000,0.0000,0.0000,0.7071,0.7071,
5.6554,3.9420,0.0000,0.0000,0.0000,0.7071,0.7071,
5.6554,3.9487,0.0000,0.0000,0.0000,0.7071,0.7071,
5.6554,3.9554,0.0000,0.0000,0.0000,0.7071,0.7071,
5.6554,3.9621,0.0000,0.0000,0.0000,0.7071,0.7071,
5.6554,3.9688,0.0000,0.0000,0.0000,0.7071,0.7071,
5.6554,3.9755,0.0000,0.0000,0.0000,0.7071,0.7071,
5.6554,3.9822,0.0000,0.0000,0.0000,0.7071,0.7071,
5.6554,3.9889,0.0000,0.0000,0.0000,0.7071,0.7071,
5.6554,3.9956,0.0000,0.0000,0.0000,0.7071,0.7071,
5.6554,4.0023,0.0000,0.0000,0.0000,0.7071,0.7071,
5.6554,4.0090,0.0000,0.0000,0.0000,0.7071,0.7071,
5.6554,4.0157,0.0000,0.0000,0.0000,0.7071,0.7071,
5.6554,4.0224,0.0000,0.0000,0.0000,0.7071,0.7071,
5.6554,4.0291,0.0000,0.0000,0.0000,0.7071,0.7071,
5.6554,4.0358,0.0000,0.0000,0.0000,0.7071,0.7071,
5.6554,4.0425,0.0000,0.0000,0.0000,0.7071,0.7071,
5.6554,4.0492,0.0000,0.0000,0.0000,0.7071,0.7071,
5.6554,4.0559,0.0000,0.0000,0.0000,0.7071,0.7071,
5.6554,4.0626,0.0000,0.0000,0.0000,0.7071,0.7071,
5.6554,4.0693,0.0000,0.0000,0.0000,0.7071,0.7071,
5.6554,4.0760,0.0000,0.0000,0.0000,0.7071,0.7071,
5.6554,4.0827,0.0000,0.0000,0.0000,0.7071,0.7071,
5.6554,4.0894,0.0000,0.0000,0.0000,0.7071,0.7071,
5.6554,4.0961,0.0000,0.0000,0.0000,0.7071,0.7071,
5.6554,4.1028,0.0000,0.0000,0.0000,0.7071,0.7071,
5.6554,4.1095,0.0000,0.0000,0.0000,0.7071,0.7071,
5.6554,4.1162,0.0000,0.0000,0.0000,0.7071,0.7071,
5.6554,4.1229,0.0000,0.0000,0.0000,0.7071,0.7071,
5.6554,4.1296,0.0000,0.0000,0.0000,0.7124,0.7018,
5.6553,4.1363,0.0000,0.0000,0.0000,0.7071,0.7071,
5.6553,4.1430,0.0000,0.0000,0.0000,0.7071,0.7071,
5.6553,4.1497,0.0000,0.0000,0.0000,0.7071,0.7071,
5.6553,4.1564,0.0000,0.0000,0.0000,0.7071,0.7071,
5.6553,4.1631,0.0000,0.0000,0.0000,0.7071,0.7071,
5.6553,4.1698,0.0000,0.0000,0.0000,0.7071,0.7071,
5.6553,4.1765,0.0000,0.0000,0.0000,0.7071,0.7071,
5.6553,4.1831,0.0000,0.0000,0.0000,0.7071,0.7071,
5.6553,4.1898,0.0000,0.0000,0.0000,0.7071,0.7071,
5.6553,4.2032,0.0000,0.0000,0.0000,0.7174,0.6966,
5.6551,4.2100,0.0000,0.0000,0.0000,0.7174,0.6966,
5.6549,4.2168,0.0000,0.0000,0.0000,0.7176,0.6965,
5.6547,4.2235,0.0000,0.0000,0.0000,0.7225,0.6913,
5.6544,4.2303,0.0000,0.0000,0.0000,0.7174,0.6966,
5.6542,4.2371,0.0000,0.0000,0.0000,0.7176,0.6965,
5.6540,4.2438,0.0000,0.0000,0.0000,0.7225,0.6913,
5.6537,4.2506,0.0000,0.0000,0.0000,0.7176,0.6965,
5.6535,4.2573,0.0000,0.0000,0.0000,0.7174,0.6966,
5.6533,4.2641,0.0000,0.0000,0.0000,0.7174,0.6966,
5.6531,4.2709,0.0000,0.0000,0.0000,0.7227,0.6911,
5.6528,4.2776,0.0000,0.0000,0.0000,0.7174,0.6966,
5.6526,4.2844,0.0000,0.0000,0.0000,0.7176,0.6965,
5.6524,4.2911,0.0000,0.0000,0.0000,0.7174,0.6966,
5.6522,4.2979,0.0000,0.0000,0.0000,0.7225,0.6913,
5.6519,4.3047,0.0000,0.0000,0.0000,0.7175,0.6966,
5.6515,4.3182,0.0000,0.0000,0.0000,0.7715,0.6362,
5.6502,4.3249,0.0000,0.0000,0.0000,0.7715,0.6362,
5.6489,4.3316,0.0000,0.0000,0.0000,0.7761,0.6307,
5.6475,4.3383,0.0000,0.0000,0.0000,0.7715,0.6362,
5.6462,4.3450,0.0000,0.0000,0.0000,0.7724,0.6351,
5.6449,4.3516,0.0000,0.0000,0.0000,0.7715,0.6362,
5.6436,4.3583,0.0000,0.0000,0.0000,0.7715,0.6362,
5.6423,4.3650,0.0000,0.0000,0.0000,0.7715,0.6362,
5.6410,4.3717,0.0000,0.0000,0.0000,0.7715,0.6362,
5.6397,4.3784,0.0000,0.0000,0.0000,0.7715,0.6362,
5.6384,4.3851,0.0000,0.0000,0.0000,0.7715,0.6362,
5.6371,4.3918,0.0000,0.0000,0.0000,0.7761,0.6307,
5.6357,4.3985,0.0000,0.0000,0.0000,0.7715,0.6362,
5.6344,4.4052,0.0000,0.0000,0.0000,0.7715,0.6362,
5.6331,4.4119,0.0000,0.0000,0.0000,0.7715,0.6362,
5.6318,4.4186,0.0000,0.0000,0.0000,0.7724,0.6351,
5.6305,4.4252,0.0000,0.0000,0.0000,0.7715,0.6362,
5.6292,4.4319,0.0000,0.0000,0.0000,0.7715,0.6362,
5.6279,4.4386,0.0000,0.0000,0.0000,0.7715,0.6362,
5.6266,4.4453,0.0000,0.0000,0.0000,0.7738,0.6334,
5.6239,4.4587,0.0000,0.0000,0.0000,0.9112,0.4119,
5.6195,4.4637,0.0000,0.0000,0.0000,0.9135,0.4068,
5.6150,4.4687,0.0000,0.0000,0.0000,0.9155,0.4022,
5.6105,4.4736,0.0000,0.0000,0.0000,0.9135,0.4068,
5.6060,4.4786,0.0000,0.0000,0.0000,0.9135,0.4068,
5.6015,4.4836,0.0000,0.0000,0.0000,0.9135,0.4068,
5.5970,4.4886,0.0000,0.0000,0.0000,0.9155,0.4022,
5.5925,4.4935,0.0000,0.0000,0.0000,0.9112,0.4119,
5.5881,4.4985,0.0000,0.0000,0.0000,0.9135,0.4068,
5.5836,4.5035,0.0000,0.0000,0.0000,0.9135,0.4068,
5.5791,4.5085,0.0000,0.0000,0.0000,0.9145,0.4046,
5.5701,4.5184,0.0000,0.0000,0.0000,0.9718,0.2360,
5.5639,4.5216,0.0000,0.0000,0.0000,0.9725,0.2328,
5.5576,4.5248,0.0000,0.0000,0.0000,0.9718,0.2360,
5.5514,4.5280,0.0000,0.0000,0.0000,0.9718,0.2360,
5.5452,4.5312,0.0000,0.0000,0.0000,0.9740,0.2267,
5.5389,4.5343,0.0000,0.0000,0.0000,0.9718,0.2360,
5.5327,4.5375,0.0000,0.0000,0.0000,0.9718,0.2360,
5.5265,4.5407,0.0000,0.0000,0.0000,0.9725,0.2328,
5.5202,4.5439,0.0000,0.0000,0.0000,0.9732,0.2298,
5.5140,4.5470,0.0000,0.0000,0.0000,0.9725,0.2328,
5.5077,4.5502,0.0000,0.0000,0.0000,0.9718,0.2360,
5.5015,4.5534,0.0000,0.0000,0.0000,0.9718,0.2360,
5.4953,4.5566,0.0000,0.0000,0.0000,0.9725,0.2328,
5.4890,4.5598,0.0000,0.0000,0.0000,0.9732,0.2298,
5.4828,4.5629,0.0000,0.0000,0.0000,0.9718,0.2360,
5.4766,4.5661,0.0000,0.0000,0.0000,0.9725,0.2328,
5.4703,4.5693,0.0000,0.0000,0.0000,0.9718,0.2360,
5.4641,4.5725,0.0000,0.0000,0.0000,0.9729,0.2313,
5.4516,4.5788,0.0000,0.0000,0.0000,0.9968,0.0801,
5.4448,4.5799,0.0000,0.0000,0.0000,0.9968,0.0801,
5.4380,4.5810,0.0000,0.0000,0.0000,0.9973,0.0729,
5.4312,4.5820,0.0000,0.0000,0.0000,0.9968,0.0801,
5.4244,4.5831,0.0000,0.0000,0.0000,0.9968,0.0801,
5.4176,4.5842,0.0000,0.0000,0.0000,0.9969,0.0790,
5.4107,4.5853,0.0000,0.0000,0.0000,0.9973,0.0729,
5.4039,4.5863,0.0000,0.0000,0.0000,0.9968,0.0801,
5.3971,4.5874,0.0000,0.0000,0.0000,0.9968,0.0801,
5.3903,4.5885,0.0000,0.0000,0.0000,0.9968,0.0801,
5.3835,4.5896,0.0000,0.0000,0.0000,0.9973,0.0729,
5.3767,4.5906,0.0000,0.0000,0.0000,0.9968,0.0801,
5.3699,4.5917,0.0000,0.0000,0.0000,0.9968,0.0801,
5.3631,4.5928,0.0000,0.0000,0.0000,0.9968,0.0801,
5.3563,4.5939,0.0000,0.0000,0.0000,0.9973,0.0729,
5.3495,4.5949,0.0000,0.0000,0.0000,0.9968,0.0801,
5.3427,4.5960,0.0000,0.0000,0.0000,0.9968,0.0801,
5.3359,4.5971,0.0000,0.0000,0.0000,0.9974,0.0719,
5.3290,4.5981,0.0000,0.0000,0.0000,0.9968,0.0801,
5.3222,4.5992,0.0000,0.0000,0.0000,0.9968,0.0801,
5.3154,4.6003,0.0000,0.0000,0.0000,0.9968,0.0801,
5.3086,4.6014,0.0000,0.0000,0.0000,0.9973,0.0729,
5.3018,4.6024,0.0000,0.0000,0.0000,0.9968,0.0801,
5.2950,4.6035,0.0000,0.0000,0.0000,0.9968,0.0801,
5.2882,4.6046,0.0000,0.0000,0.0000,0.9971,0.0765,
5.2746,4.6067,0.0000,0.0000,0.0000,1.0000,0.0075,
5.2679,4.6068,0.0000,0.0000,0.0000,1.0000,0.0000,
5.2612,4.6068,0.0000,0.0000,0.0000,1.0000,0.0000,
5.2546,4.6068,0.0000,0.0000,0.0000,1.0000,0.0000,
5.2479,4.6068,0.0000,0.0000,0.0000,1.0000,0.0075,
5.2412,4.6069,0.0000,0.0000,0.0000,1.0000,0.0000,
5.2345,4.6069,0.0000,0.0000,0.0000,1.0000,0.0000,
5.2279,4.6069,0.0000,0.0000,0.0000,1.0000,0.0000,
5.2212,4.6069,0.0000,0.0000,0.0000,1.0000,0.0075,
5.2145,4.6070,0.0000,0.0000,0.0000,1.0000,0.0000,
5.2078,4.6070,0.0000,0.0000,0.0000,1.0000,0.0000,
5.2012,4.6070,0.0000,0.0000,0.0000,1.0000,0.0000,
5.1945,4.6070,0.0000,0.0000,0.0000,1.0000,0.0000,
5.1878,4.6070,0.0000,0.0000,0.0000,1.0000,0.0075,
5.1811,4.6071,0.0000,0.0000,0.0000,1.0000,0.0000,
5.1745,4.6071,0.0000,0.0000,0.0000,1.0000,0.0000,
5.1678,4.6071,0.0000,0.0000,0.0000,1.0000,0.0000,
5.1611,4.6071,0.0000,0.0000,0.0000,1.0000,0.0075,
5.1544,4.6072,0.0000,0.0000,0.0000,1.0000,0.0000,
5.1478,4.6072,0.0000,0.0000,0.0000,1.0000,0.0000,
5.1411,4.6072,0.0000,0.0000,0.0000,1.0000,0.0000,
5.1344,4.6072,0.0000,0.0000,0.0000,1.0000,0.0075,
5.1277,4.6073,0.0000,0.0000,0.0000,1.0000,0.0000,
5.1211,4.6073,0.0000,0.0000,0.0000,1.0000,0.0000,
5.1144,4.6073,0.0000,0.0000,0.0000,1.0000,0.0000,
5.1077,4.6073,0.0000,0.0000,0.0000,1.0000,0.0075,
5.1010,4.6074,0.0000,0.0000,0.0000,1.0000,0.0000,
5.0944,4.6074,0.0000,0.0000,0.0000,1.0000,0.0000,
5.0877,4.6074,0.0000,0.0000,0.0000,1.0000,0.0000,
5.0810,4.6074,0.0000,0.0000,0.0000,1.0000,0.0076,
5.0744,4.6075,0.0000,0.0000,0.0000,1.0000,0.0000,
5.0677,4.6075,0.0000,0.0000,0.0000,1.0000,0.0000,
5.0610,4.6075,0.0000,0.0000,0.0000,1.0000,0.0000,
5.0543,4.6075,0.0000,0.0000,0.0000,1.0000,0.0000,
5.0477,4.6075,0.0000,0.0000,0.0000,1.0000,0.0075,
5.0410,4.6076,0.0000,0.0000,0.0000,1.0000,0.0000,
5.0343,4.6076,0.0000,0.0000,0.0000,1.0000,0.0000,
5.0276,4.6076,0.0000,0.0000,0.0000,1.0000,0.0000,
5.0210,4.6076,0.0000,0.0000,0.0000,1.0000,0.0075,
5.0143,4.6077,0.0000,0.0000,0.0000,1.0000,0.0000,
5.0076,4.6077,0.0000,0.0000,0.0000,1.0000,0.0000,
5.0009,4.6077,0.0000,0.0000,0.0000,1.0000,0.0000,
4.9943,4.6077,0.0000,0.0000,0.0000,1.0000,0.0075,
4.9876,4.6078,0.0000,0.0000,0.0000,1.0000,0.0000,
4.9809,4.6078,0.0000,0.0000,0.0000,1.0000,0.0000,
4.9742,4.6078,0.0000,0.0000,0.0000,1.0000,0.0000,
4.9676,4.6078,0.0000,0.0000,0.0000,1.0000,0.0075,
4.9609,4.6079,0.0000,0.0000,0.0000,1.0000,0.0000,
4.9542,4.6079,0.0000,0.0000,0.0000,1.0000,0.0000,
4.9475,4.6079,0.0000,0.0000,0.0000,1.0000,0.0000,
4.9409,4.6079,0.0000,0.0000,0.0000,1.0000,0.0075,
4.9342,4.6080,0.0000,0.0000,0.0000,1.0000,0.0000,
4.9275,4.6080,0.0000,0.0000,0.0000,1.0000,0.0000,
4.9208,4.6080,0.0000,0.0000,0.0000,1.0000,0.0000,
4.9142,4.6080,0.0000,0.0000,0.0000,1.0000,0.0000,
4.9075,4.6080,0.0000,0.0000,0.0000,1.0000,0.0075,
4.9008,4.6081,0.0000,0.0000,0.0000,1.0000,0.0000,
4.8942,4.6081,0.0000,0.0000,0.0000,1.0000,0.0000,
4.8875,4.6081,0.0000,0.0000,0.0000,1.0000,0.0000,
4.8808,4.6081,0.0000,0.0000,0.0000,1.0000,0.0075,
4.8741,4.6082,0.0000,0.0000,0.0000,1.0000,0.0000,
4.8675,4.6082,0.0000,0.0000,0.0000,1.0000,0.0000,
4.8608,4.6082,0.0000,0.0000,0.0000,1.0000,0.0000,
4.8541,4.6082,0.0000,0.0000,0.0000,1.0000,0.0075,
4.8474,4.6083,0.0000,0.0000,0.0000,1.0000,0.0000,
4.8408,4.6083,0.0000,0.0000,0.0000,1.0000,0.0000,
4.8341,4.6083,0.0000,0.0000,0.0000,1.0000,0.0000,
4.8274,4.6083,0.0000,0.0000,0.0000,1.0000,0.0075,
4.8207,4.6084,0.0000,0.0000,0.0000,1.0000,0.0000,
4.8141,4.6084,0.0000,0.0000,0.0000,1.0000,0.0000,
4.8074,4.6084,0.0000,0.0000,0.0000,1.0000,0.0000,
4.8007,4.6084,0.0000,0.0000,0.0000,1.0000,0.0075,
4.7940,4.6085,0.0000,0.0000,0.0000,1.0000,0.0000,
4.7874,4.6085,0.0000,0.0000,0.0000,1.0000,0.0000,
4.7807,4.6085,0.0000,0.0000,0.0000,1.0000,0.0000,
4.7740,4.6085,0.0000,0.0000,0.0000,1.0000,0.0000,
4.7673,4.6085,0.0000,0.0000,0.0000,1.0000,0.0076,
4.7607,4.6086,0.0000,0.0000,0.0000,1.0000,0.0000,
4.7540,4.6086,0.0000,0.0000,0.0000,1.0000,0.0000,
4.7473,4.6086,0.0000,0.0000,0.0000,1.0000,0.0000,
4.7406,4.6086,0.0000,0.0000,0.0000,1.0000,0.0076,
4.7340,4.6087,0.0000,0.0000,0.0000,1.0000,0.0000,
4.7273,4.6087,0.0000,0.0000,0.0000,1.0000,0.0000,
4.7206,4.6087,0.0000,0.0000,0.0000,1.0000,0.0000,
4.7139,4.6087,0.0000,0.0000,0.0000,1.0000,0.0076,
4.7073,4.6088,0.0000,0.0000,0.0000,1.0000,0.0000,
4.7006,4.6088,0.0000,0.0000,0.0000,1.0000,0.0000,
4.6939,4.6088,0.0000,0.0000,0.0000,1.0000,0.0000,
4.6873,4.6088,0.0000,0.0000,0.0000,1.0000,0.0075,
4.6806,4.6089,0.0000,0.0000,0.0000,1.0000,0.0000,
4.6739,4.6089,0.0000,0.0000,0.0000,1.0000,0.0000,
4.6672,4.6089,0.0000,0.0000,0.0000,1.0000,0.0000,
4.6606,4.6089,0.0000,0.0000,0.0000,1.0000,0.0000,
4.6539,4.6089,0.0000,0.0000,0.0000,1.0000,0.0075,
4.6472,4.6090,0.0000,0.0000,0.0000,1.0000,0.0000,
4.6405,4.6090,0.0000,0.0000,0.0000,1.0000,0.0000,
4.6339,4.6090,0.0000,0.0000,0.0000,1.0000,0.0000,
4.6272,4.6090,0.0000,0.0000,0.0000,1.0000,0.0075,
4.6205,4.6091,0.0000,0.0000,0.0000,1.0000,0.0000,
4.6138,4.6091,0.0000,0.0000,0.0000,1.0000,0.0000,
4.6072,4.6091,0.0000,0.0000,0.0000,1.0000,0.0000,
4.6005,4.6091,0.0000,0.0000,0.0000,1.0000,0.0075,
4.5938,4.6092,0.0000,0.0000,0.0000,1.0000,0.0000,
4.5871,4.6092,0.0000,0.0000,0.0000,1.0000,0.0000,
4.5805,4.6092,0.0000,0.0000,0.0000,1.0000,0.0000,
4.5738,4.6092,0.0000,0.0000,0.0000,1.0000,0.0075,
4.5671,4.6093,0.0000,0.0000,0.0000,1.0000,0.0000,
4.5604,4.6093,0.0000,0.0000,0.0000,1.0000,0.0000,
4.5538,4.6093,0.0000,0.0000,0.0000,1.0000,0.0000,
4.5471,4.6093,0.0000,0.0000,0.0000,1.0000,0.0075,
4.5404,4.6094,0.0000,0.0000,0.0000,1.0000,0.0000,
4.5337,4.6094,0.0000,0.0000,0.0000,1.0000,0.0000,
4.5271,4.6094,0.0000,0.0000,0.0000,1.0000,0.0000,
4.5204,4.6094,0.0000,0.0000,0.0000,1.0000,0.0000,
4.5137,4.6094,0.0000,0.0000,0.0000,1.0000,0.0075,
4.5070,4.6095,0.0000,0.0000,0.0000,1.0000,0.0000,
4.5004,4.6095,0.0000,0.0000,0.0000,1.0000,0.0000,
4.4937,4.6095,0.0000,0.0000,0.0000,1.0000,0.0000,
4.4870,4.6095,0.0000,0.0000,0.0000,1.0000,0.0076,
4.4804,4.6096,0.0000,0.0000,0.0000,1.0000,0.0000,
4.4737,4.6096,0.0000,0.0000,0.0000,1.0000,0.0000,
4.4670,4.6096,0.0000,0.0000,0.0000,1.0000,0.0000,
4.4603,4.6096,0.0000,0.0000,0.0000,1.0000,0.0076,
4.4537,4.6097,0.0000,0.0000,0.0000,1.0000,0.0000,
4.4470,4.6097,0.0000,0.0000,0.0000,1.0000,0.0000,
4.4403,4.6097,0.0000,0.0000,0.0000,1.0000,0.0000,
4.4336,4.6097,0.0000,0.0000,0.0000,1.0000,0.0076,
4.4270,4.6098,0.0000,0.0000,0.0000,1.0000,0.0000,
4.4203,4.6098,0.0000,0.0000,0.0000,1.0000,0.0000,
4.4136,4.6098,0.0000,0.0000,0.0000,1.0000,0.0000,
4.4069,4.6098,0.0000,0.0000,0.0000,1.0000,0.0076,
4.4003,4.6099,0.0000,0.0000,0.0000,1.0000,0.0000,
4.3936,4.6099,0.0000,0.0000,0.0000,1.0000,0.0000,
4.3869,4.6099,0.0000,0.0000,0.0000,1.0000,0.0000,
4.3802,4.6099,0.0000,0.0000,0.0000,1.0000,0.0000,
4.3736,4.6099,0.0000,0.0000,0.0000,1.0000,0.0075,
4.3669,4.6100,0.0000,0.0000,0.0000,1.0000,0.0000,
4.3602,4.6100,0.0000,0.0000,0.0000,1.0000,0.0000,
4.3535,4.6100,0.0000,0.0000,0.0000,1.0000,0.0000,
4.3469,4.6100,0.0000,0.0000,0.0000,1.0000,0.0075,
4.3402,4.6101,0.0000,0.0000,0.0000,1.0000,0.0000,
4.3335,4.6101,0.0000,0.0000,0.0000,1.0000,0.0000,
4.3268,4.6101,0.0000,0.0000,0.0000,1.0000,0.0000,
4.3202,4.6101,0.0000,0.0000,0.0000,1.0000,0.0075,
4.3135,4.6102,0.0000,0.0000,0.0000,1.0000,0.0000,
4.3068,4.6102,0.0000,0.0000,0.0000,1.0000,0.0000,
4.3002,4.6102,0.0000,0.0000,0.0000,1.0000,0.0000,
4.2935,4.6102,0.0000,0.0000,0.0000,1.0000,0.0075,
4.2868,4.6103,0.0000,0.0000,0.0000,1.0000,0.0000,
4.2801,4.6103,0.0000,0.0000,0.0000,1.0000,0.0000,
4.2735,4.6103,0.0000,0.0000,0.0000,1.0000,0.0000,
4.2668,4.6103,0.0000,0.0000,0.0000,1.0000,0.0075,
4.2601,4.6104,0.0000,0.0000,0.0000,1.0000,0.0000,
4.2534,4.6104,0.0000,0.0000,0.0000,1.0000,0.0000,
4.2468,4.6104,0.0000,0.0000,0.0000,1.0000,0.0000,
4.2401,4.6104,0.0000,0.0000,0.0000,1.0000,0.0000,
4.2334,4.6104,0.0000,0.0000,0.0000,1.0000,0.0075,
4.2267,4.6105,0.0000,0.0000,0.0000,1.0000,0.0000,
4.2201,4.6105,0.0000,0.0000,0.0000,1.0000,0.0000,
4.2134,4.6105,0.0000,0.0000,0.0000,1.0000,0.0000,
4.2067,4.6105,0.0000,0.0000,0.0000,1.0000,0.0075,
4.2000,4.6106,0.0000,0.0000,0.0000,1.0000,0.0000,
4.1934,4.6106,0.0000,0.0000,0.0000,1.0000,0.0000,
4.1867,4.6106,0.0000,0.0000,0.0000,1.0000,0.0000,
4.1800,4.6106,0.0000,0.0000,0.0000,1.0000,0.0075,
4.1733,4.6107,0.0000,0.0000,0.0000,1.0000,0.0000,
4.1667,4.6107,0.0000,0.0000,0.0000,1.0000,0.0000,
4.1600,4.6107,0.0000,0.0000,0.0000,1.0000,0.0000,
4.1533,4.6107,0.0000,0.0000,0.0000,1.0000,0.0075,
4.1466,4.6108,0.0000,0.0000,0.0000,1.0000,0.0000,
4.1400,4.6108,0.0000,0.0000,0.0000,1.0000,0.0000,
4.1333,4.6108,0.0000,0.0000,0.0000,1.0000,0.0000,
4.1266,4.6108,0.0000,0.0000,0.0000,1.0000,0.0075,
4.1199,4.6109,0.0000,0.0000,0.0000,1.0000,0.0000,
4.1133,4.6109,0.0000,0.0000,0.0000,1.0000,0.0000,
4.1066,4.6109,0.0000,0.0000,0.0000,1.0000,0.0000,
4.0999,4.6109,0.0000,0.0000,0.0000,1.0000,0.0000,
4.0933,4.6109,0.0000,0.0000,0.0000,1.0000,0.0075,
4.0866,4.6110,0.0000,0.0000,0.0000,1.0000,0.0000,
4.0799,4.6110,0.0000,0.0000,0.0000,1.0000,0.0000,
4.0732,4.6110,0.0000,0.0000,0.0000,1.0000,0.0000,
4.0666,4.6110,0.0000,0.0000,0.0000,1.0000,0.0075,
4.0599,4.6111,0.0000,0.0000,0.0000,1.0000,0.0000,
4.0532,4.6111,0.0000,0.0000,0.0000,1.0000,0.0000,
4.0465,4.6111,0.0000,0.0000,0.0000,1.0000,0.0000,
4.0399,4.6111,0.0000,0.0000,0.0000,1.0000,0.0075,
4.0332,4.6112,0.0000,0.0000,0.0000,1.0000,0.0000,
4.0265,4.6112,0.0000,0.0000,0.0000,1.0000,0.0000,
4.0198,4.6112,0.0000,0.0000,0.0000,1.0000,0.0000,
4.0132,4.6112,0.0000,0.0000,0.0000,1.0000,0.0075,
4.0065,4.6113,0.0000,0.0000,0.0000,1.0000,0.0000,
3.9998,4.6113,0.0000,0.0000,0.0000,1.0000,0.0000,
3.9931,4.6113,0.0000,0.0000,0.0000,1.0000,0.0000,
3.9865,4.6113,0.0000,0.0000,0.0000,1.0000,0.0075,
3.9798,4.6114,0.0000,0.0000,0.0000,1.0000,0.0000,
3.9731,4.6114,0.0000,0.0000,0.0000,1.0000,0.0000,
3.9664,4.6114,0.0000,0.0000,0.0000,1.0000,0.0000,
3.9598,4.6114,0.0000,0.0000,0.0000,1.0000,0.0000,
3.9531,4.6114,0.0000,0.0000,0.0000,1.0000,0.0075,
3.9464,4.6115,0.0000,0.0000,0.0000,1.0000,0.0000,
3.9397,4.6115,0.0000,0.0000,0.0000,1.0000,0.0000,
3.9331,4.6115,0.0000,0.0000,0.0000,1.0000,0.0000,
3.9264,4.6115,0.0000,0.0000,0.0000,1.0000,0.0075,
3.9197,4.6116,0.0000,0.0000,0.0000,1.0000,0.0000,
3.9130,4.6116,0.0000,0.0000,0.0000,1.0000,0.0000,
3.9064,4.6116,0.0000,0.0000,0.0000,1.0000,0.0000,
3.8997,4.6116,0.0000,0.0000,0.0000,1.0000,0.0075,
3.8930,4.6117,0.0000,0.0000,0.0000,1.0000,0.0000,
3.8864,4.6117,0.0000,0.0000,0.0000,1.0000,0.0000,
3.8797,4.6117,0.0000,0.0000,0.0000,1.0000,0.0000,
3.8730,4.6117,0.0000,0.0000,0.0000,1.0000,0.0075,
3.8663,4.6118,0.0000,0.0000,0.0000,1.0000,0.0000,
3.8597,4.6118,0.0000,0.0000,0.0000,1.0000,0.0000,
3.8530,4.6118,0.0000,0.0000,0.0000,1.0000,0.0000,
3.8463,4.6118,0.0000,0.0000,0.0000,1.0000,0.0075,
3.8396,4.6119,0.0000,0.0000,0.0000,1.0000,0.0000,
3.8330,4.6119,0.0000,0.0000,0.0000,1.0000,0.0000,
3.8263,4.6119,0.0000,0.0000,0.0000,1.0000,0.0000,
3.8196,4.6119,0.0000,0.0000,0.0000,1.0000,0.0000,
3.8129,4.6119,0.0000,0.0000,0.0000,1.0000,0.0076,
3.8063,4.6120,0.0000,0.0000,0.0000,1.0000,0.0000,
3.7996,4.6120,0.0000,0.0000,0.0000,1.0000,0.0000,
3.7929,4.6120,0.0000,0.0000,0.0000,1.0000,0.0000,
3.7862,4.6120,0.0000,0.0000,0.0000,1.0000,0.0076,
3.7796,4.6121,0.0000,0.0000,0.0000,1.0000,0.0000,
3.7729,4.6121,0.0000,0.0000,0.0000,1.0000,0.0000,
3.7662,4.6121,0.0000,0.0000,0.0000,1.0000,0.0000,
3.7595,4.6121,0.0000,0.0000,0.0000,1.0000,0.0076,
3.7529,4.6122,0.0000,0.0000,0.0000,1.0000,0.0000,
3.7462,4.6122,0.0000,0.0000,0.0000,1.0000,0.0000,
3.7395,4.6122,0.0000,0.0000,0.0000,1.0000,0.0000,
3.7328,4.6122,0.0000,0.0000,0.0000,1.0000,0.0076,
3.7262,4.6123,0.0000,0.0000,0.0000,1.0000,0.0000,
3.7195,4.6123,0.0000,0.0000,0.0000,1.0000,0.0000,
3.7128,4.6123,0.0000,0.0000,0.0000,1.0000,0.0000,
3.7062,4.6123,0.0000,0.0000,0.0000,1.0000,0.0075,
3.6995,4.6124,0.0000,0.0000,0.0000,1.0000,0.0000,
3.6928,4.6124,0.0000,0.0000,0.0000,1.0000,0.0000,
3.6861,4.6124,0.0000,0.0000,0.0000,1.0000,0.0000,
3.6795,4.6124,0.0000,0.0000,0.0000,1.0000,0.0000,
3.6728,4.6124,0.0000,0.0000,0.0000,1.0000,0.0075,
3.6661,4.6125,0.0000,0.0000,0.0000,1.0000,0.0000,
3.6594,4.6125,0.0000,0.0000,0.0000,1.0000,0.0000,
3.6528,4.6125,0.0000,0.0000,0.0000,1.0000,0.0000,
3.6461,4.6125,0.0000,0.0000,0.0000,1.0000,0.0075,
3.6394,4.6126,0.0000,0.0000,0.0000,1.0000,0.0000,
3.6327,4.6126,0.0000,0.0000,0.0000,1.0000,0.0000,
3.6261,4.6126,0.0000,0.0000,0.0000,1.0000,0.0000,
3.6194,4.6126,0.0000,0.0000,0.0000,1.0000,0.0075,
3.6127,4.6127,0.0000,0.0000,0.0000,1.0000,0.0000,
3.6060,4.6127,0.0000,0.0000,0.0000,1.0000,0.0000,
3.5994,4.6127,0.0000,0.0000,0.0000,1.0000,0.0000,
3.5927,4.6127,0.0000,0.0000,0.0000,1.0000,0.0075,
3.5860,4.6128,0.0000,0.0000,0.0000,1.0000,0.0000,
3.5793,4.6128,0.0000,0.0000,0.0000,1.0000,0.0000,
3.5727,4.6128,0.0000,0.0000,0.0000,1.0000,0.0000,
3.5660,4.6128,0.0000,0.0000,0.0000,1.0000,0.0075,
3.5593,4.6129,0.0000,0.0000,0.0000,1.0000,0.0000,
3.5526,4.6129,0.0000,0.0000,0.0000,1.0000,0.0000,
3.5460,4.6129,0.0000,0.0000,0.0000,1.0000,0.0000,
3.5393,4.6129,0.0000,0.0000,0.0000,1.0000,0.0000,
3.5326,4.6129,0.0000,0.0000,0.0000,1.0000,0.0075,
3.5259,4.6130,0.0000,0.0000,0.0000,1.0000,0.0000,
3.5193,4.6130,0.0000,0.0000,0.0000,1.0000,0.0000,
3.5126,4.6130,0.0000,0.0000,0.0000,1.0000,0.0000,
3.5059,4.6130,0.0000,0.0000,0.0000,1.0000,0.0076,
3.4993,4.6131,0.0000,0.0000,0.0000,1.0000,0.0000,
3.4926,4.6131,0.0000,0.0000,0.0000,1.0000,0.0000,
3.4859,4.6131,0.0000,0.0000,0.0000,1.0000,0.0000,
3.4792,4.6131,0.0000,0.0000,0.0000,1.0000,0.0076,
3.4726,4.6132,0.0000,0.0000,0.0000,1.0000,0.0000,
3.4659,4.6132,0.0000,0.0000,0.0000,1.0000,0.0000,
3.4592,4.6132,0.0000,0.0000,0.0000,1.0000,0.0000,
3.4525,4.6132,0.0000,0.0000,0.0000,1.0000,0.0076,
3.4459,4.6133,0.0000,0.0000,0.0000,1.0000,0.0000,
3.4392,4.6133,0.0000,0.0000,0.0000,1.0000,0.0000,
3.4325,4.6133,0.0000,0.0000,0.0000,1.0000,0.0000,
3.4258,4.6133,0.0000,0.0000,0.0000,1.0000,0.0000,
3.4192,4.6133,0.0000,0.0000,0.0000,1.0000,0.0075,
3.4125,4.6134,0.0000,0.0000,0.0000,1.0000,0.0000,
3.4058,4.6134,0.0000,0.0000,0.0000,1.0000,0.0000,
3.3991,4.6134,0.0000,0.0000,0.0000,1.0000,0.0000,
3.3925,4.6134,0.0000,0.0000,0.0000,1.0000,0.0075,
3.3858,4.6135,0.0000,0.0000,0.0000,1.0000,0.0000,
3.3791,4.6135,0.0000,0.0000,0.0000,1.0000,0.0000,
3.3724,4.6135,0.0000,0.0000,0.0000,1.0000,0.0000,
3.3658,4.6135,0.0000,0.0000,0.0000,1.0000,0.0075,
3.3591,4.6136,0.0000,0.0000,0.0000,1.0000,0.0000,
3.3524,4.6136,0.0000,0.0000,0.0000,1.0000,0.0000,
3.3457,4.6136,0.0000,0.0000,0.0000,1.0000,0.0000,
3.3391,4.6136,0.0000,0.0000,0.0000,1.0000,0.0075,
3.3324,4.6137,0.0000,0.0000,0.0000,1.0000,0.0000,
3.3257,4.6137,0.0000,0.0000,0.0000,1.0000,0.0000,
3.3190,4.6137,0.0000,0.0000,0.0000,1.0000,0.0000,
3.3124,4.6137,0.0000,0.0000,0.0000,1.0000,0.0075,
3.3057,4.6138,0.0000,0.0000,0.0000,1.0000,0.0000,
3.2990,4.6138,0.0000,0.0000,0.0000,1.0000,0.0000,
3.2924,4.6138,0.0000,0.0000,0.0000,1.0000,0.0000,
3.2857,4.6138,0.0000,0.0000,0.0000,1.0000,0.0000,
3.2790,4.6138,0.0000,0.0000,0.0000,1.0000,0.0075,
3.2723,4.6139,0.0000,0.0000,0.0000,1.0000,0.0000,
3.2657,4.6139,0.0000,0.0000,0.0000,1.0000,0.0000,
3.2590,4.6139,0.0000,0.0000,0.0000,1.0000,0.0000,
3.2523,4.6139,0.0000,0.0000,0.0000,1.0000,0.0075,
3.2456,4.6140,0.0000,0.0000,0.0000,1.0000,0.0000,
3.2390,4.6140,0.0000,0.0000,0.0000,1.0000,0.0000,
3.2323,4.6140,0.0000,0.0000,0.0000,1.0000,0.0000,
3.2256,4.6140,0.0000,0.0000,0.0000,1.0000,0.0075,
3.2189,4.6141,0.0000,0.0000,0.0000,1.0000,0.0000,
3.2123,4.6141,0.0000,0.0000,0.0000,1.0000,0.0000,
3.2056,4.6141,0.0000,0.0000,0.0000,1.0000,0.0000,
3.1989,4.6141,0.0000,0.0000,0.0000,1.0000,0.0075,
3.1922,4.6142,0.0000,0.0000,0.0000,1.0000,0.0000,
3.1856,4.6142,0.0000,0.0000,0.0000,1.0000,0.0000,
3.1789,4.6142,0.0000,0.0000,0.0000,1.0000,0.0000,
3.1722,4.6142,0.0000,0.0000,0.0000,1.0000,0.0075,
3.1655,4.6143,0.0000,0.0000,0.0000,1.0000,0.0000,
3.1589,4.6143,0.0000,0.0000,0.0000,1.0000,0.0000,
3.1522,4.6143,0.0000,0.0000,0.0000,1.0000,0.0000,
3.1455,4.6143,0.0000,0.0000,0.0000,1.0000,0.0000,
3.1388,4.6143,0.0000,0.0000,0.0000,1.0000,0.0076,
3.1322,4.6144,0.0000,0.0000,0.0000,1.0000,0.0000,
3.1255,4.6144,0.0000,0.0000,0.0000,1.0000,0.0000,
3.1188,4.6144,0.0000,0.0000,0.0000,1.0000,0.0000,
3.1122,4.6144,0.0000,0.0000,0.0000,1.0000,0.0075,
3.1055,4.6145,0.0000,0.0000,0.0000,1.0000,0.0000,
3.0988,4.6145,0.0000,0.0000,0.0000,1.0000,0.0000,
3.0921,4.6145,0.0000,0.0000,0.0000,1.0000,0.0000,
3.0855,4.6145,0.0000,0.0000,0.0000,1.0000,0.0075,
3.0788,4.6146,0.0000,0.0000,0.0000,1.0000,0.0000,
3.0721,4.6146,0.0000,0.0000,0.0000,1.0000,0.0000,
3.0654,4.6146,0.0000,0.0000,0.0000,1.0000,0.0000,
3.0588,4.6146,0.0000,0.0000,0.0000,1.0000,0.0075,
3.0521,4.6147,0.0000,0.0000,0.0000,1.0000,0.0000,
3.0454,4.6147,0.0000,0.0000,0.0000,1.0000,0.0000,
3.0387,4.6147,0.0000,0.0000,0.0000,1.0000,0.0000,
3.0321,4.6147,0.0000,0.0000,0.0000,1.0000,0.0075,
3.0254,4.6148,0.0000,0.0000,0.0000,1.0000,0.0000,
3.0187,4.6148,0.0000,0.0000,0.0000,1.0000,0.0000,
3.0120,4.6148,0.0000,0.0000,0.0000,1.0000,0.0000,
3.0054,4.6148,0.0000,0.0000,0.0000,1.0000,0.0000,
2.9987,4.6148,0.0000,0.0000,0.0000,1.0000,0.0075,
2.9920,4.6149,0.0000,0.0000,0.0000,1.0000,0.0000,
2.9853,4.6149,0.0000,0.0000,0.0000,1.0000,0.0000,
2.9787,4.6149,0.0000,0.0000,0.0000,1.0000,0.0000,
2.9720,4.6149,0.0000,0.0000,0.0000,1.0000,0.0075,
2.9653,4.6150,0.0000,0.0000,0.0000,1.0000,0.0000,
2.9586,4.6150,0.0000,0.0000,0.0000,1.0000,0.0000,
2.9520,4.6150,0.0000,0.0000,0.0000,1.0000,0.0000,
2.9453,4.6150,0.0000,0.0000,0.0000,1.0000,0.0075,
2.9386,4.6151,0.0000,0.0000,0.0000,1.0000,0.0000,
2.9319,4.6151,0.0000,0.0000,0.0000,1.0000,0.0000,
2.9253,4.6151,0.0000,0.0000,0.0000,1.0000,0.0000,
2.9186,4.6151,0.0000,0.0000,0.0000,1.0000,0.0075,
2.9119,4.6152,0.0000,0.0000,0.0000,1.0000,0.0000,
2.9053,4.6152,0.0000,0.0000,0.0000,1.0000,0.0000,
2.8986,4.6152,0.0000,0.0000,0.0000,1.0000,0.0000,
2.8919,4.6152,0.0000,0.0000,0.0000,1.0000,0.0075,
2.8852,4.6153,0.0000,0.0000,0.0000,1.0000,0.0000,
2.8786,4.6153,0.0000,0.0000,0.0000,1.0000,0.0000,
2.8719,4.6153,0.0000,0.0000,0.0000,1.0000,0.0000,
2.8652,4.6153,0.0000,0.0000,0.0000,1.0000,0.0000,
2.8585,4.6153,0.0000,0.0000,0.0000,1.0000,0.0076,
2.8519,4.6154,0.0000,0.0000,0.0000,1.0000,0.0000,
2.8452,4.6154,0.0000,0.0000,0.0000,1.0000,0.0000,
2.8385,4.6154,0.0000,0.0000,0.0000,1.0000,0.0000,
2.8318,4.6154,0.0000,0.0000,0.0000,1.0000,0.0076,
2.8252,4.6155,0.0000,0.0000,0.0000,1.0000,0.0000,
2.8185,4.6155,0.0000,0.0000,0.0000,1.0000,0.0000,
2.8118,4.6155,0.0000,0.0000,0.0000,1.0000,0.0000,
2.8051,4.6155,0.0000,0.0000,0.0000,1.0000,0.0076,
2.7985,4.6156,0.0000,0.0000,0.0000,1.0000,0.0000,
2.7918,4.6156,0.0000,0.0000,0.0000,1.0000,0.0000,
2.7851,4.6156,0.0000,0.0000,0.0000,1.0000,0.0000,
2.7784,4.6156,0.0000,0.0000,0.0000,1.0000,0.0076,
2.7718,4.6157,0.0000,0.0000,0.0000,1.0000,0.0000,
2.7651,4.6157,0.0000,0.0000,0.0000,1.0000,0.0000,
2.7584,4.6157,0.0000,0.0000,0.0000,1.0000,0.0000,
2.7517,4.6157,0.0000,0.0000,0.0000,1.0000,0.0076,
2.7451,4.6158,0.0000,0.0000,0.0000,1.0000,0.0000,
2.7384,4.6158,0.0000,0.0000,0.0000,1.0000,0.0000,
2.7317,4.6158,0.0000,0.0000,0.0000,1.0000,0.0000,
2.7250,4.6158,0.0000,0.0000,0.0000,1.0000,0.0000,
2.7184,4.6158,0.0000,0.0000,0.0000,1.0000,0.0075,
2.7117,4.6159,0.0000,0.0000,0.0000,1.0000,0.0000,
2.7050,4.6159,0.0000,0.0000,0.0000,1.0000,0.0000,
2.6984,4.6159,0.0000,0.0000,0.0000,1.0000,0.0000,
2.6917,4.6159,0.0000,0.0000,0.0000,1.0000,0.0075,
2.6850,4.6160,0.0000,0.0000,0.0000,1.0000,0.0000,
2.6783,4.6160,0.0000,0.0000,0.0000,1.0000,0.0000,
2.6717,4.6160,0.0000,0.0000,0.0000,1.0000,0.0000,
2.6650,4.6160,0.0000,0.0000,0.0000,1.0000,0.0075,
2.6583,4.6161,0.0000,0.0000,0.0000,1.0000,0.0000,
2.6516,4.6161,0.0000,0.0000,0.0000,1.0000,0.0000,
2.6450,4.6161,0.0000,0.0000,0.0000,1.0000,0.0000,
2.6383,4.6161,0.0000,0.0000,0.0000,1.0000,0.0075,
2.6316,4.6162,0.0000,0.0000,0.0000,1.0000,0.0000,
2.6249,4.6162,0.0000,0.0000,0.0000,1.0000,0.0000,
2.6183,4.6162,0.0000,0.0000,0.0000,1.0000,0.0000,
2.6116,4.6162,0.0000,0.0000,0.0000,1.0000,0.0075,
2.6049,4.6163,0.0000,0.0000,0.0000,1.0000,0.0000,
2.5982,4.6163,0.0000,0.0000,0.0000,1.0000,0.0000,
2.5916,4.6163,0.0000,0.0000,0.0000,1.0000,0.0000,
2.5849,4.6163,0.0000,0.0000,0.0000,1.0000,0.0000,
2.5782,4.6163,0.0000,0.0000,0.0000,1.0000,0.0075,
2.5715,4.6164,0.0000,0.0000,0.0000,1.0000,0.0000,
2.5649,4.6164,0.0000,0.0000,0.0000,1.0000,0.0000,
2.5582,4.6164,0.0000,0.0000,0.0000,1.0000,0.0000,
2.5515,4.6164,0.0000,0.0000,0.0000,1.0000,0.0075,
2.5448,4.6165,0.0000,0.0000,0.0000,1.0000,0.0000,
2.5382,4.6165,0.0000,0.0000,0.0000,1.0000,0.0000,
2.5315,4.6165,0.0000,0.0000,0.0000,1.0000,0.0000,
2.5248,4.6165,0.0000,0.0000,0.0000,1.0000,0.0076,
2.5182,4.6166,0.0000,0.0000,0.0000,1.0000,0.0000,
2.5115,4.6166,0.0000,0.0000,0.0000,1.0000,0.0000,
2.5048,4.6166,0.0000,0.0000,0.0000,1.0000,0.0000,
2.4981,4.6166,0.0000,0.0000,0.0000,1.0000,0.0076,
2.4915,4.6167,0.0000,0.0000,0.0000,1.0000,0.0000,
2.4848,4.6167,0.0000,0.0000,0.0000,1.0000,0.0000,
2.4781,4.6167,0.0000,0.0000,0.0000,1.0000,0.0000,
2.4714,4.6167,0.0000,0.0000,0.0000,1.0000,0.0076,
2.4648,4.6168,0.0000,0.0000,0.0000,1.0000,0.0000,
2.4581,4.6168,0.0000,0.0000,0.0000,1.0000,0.0000,
2.4514,4.6168,0.0000,0.0000,0.0000,1.0000,0.0000,
2.4447,4.6168,0.0000,0.0000,0.0000,1.0000,0.0000,
2.4381,4.6168,0.0000,0.0000,0.0000,1.0000,0.0075,
2.4314,4.6169,0.0000,0.0000,0.0000,1.0000,0.0000,
2.4247,4.6169,0.0000,0.0000,0.0000,1.0000,0.0000,
2.4180,4.6169,0.0000,0.0000,0.0000,1.0000,0.0000,
2.4114,4.6169,0.0000,0.0000,0.0000,1.0000,0.0075,
2.4047,4.6170,0.0000,0.0000,0.0000,1.0000,0.0000,
2.3980,4.6170,0.0000,0.0000,0.0000,1.0000,0.0000,
2.3913,4.6170,0.0000,0.0000,0.0000,1.0000,0.0000,
2.3847,4.6170,0.0000,0.0000,0.0000,1.0000,0.0075,
2.3780,4.6171,0.0000,0.0000,0.0000,1.0000,0.0000,
2.3713,4.6171,0.0000,0.0000,0.0000,1.0000,0.0000,
2.3646,4.6171,0.0000,0.0000,0.0000,1.0000,0.0000,
2.3580,4.6171,0.0000,0.0000,0.0000,1.0000,0.0075,
2.3513,4.6172,0.0000,0.0000,0.0000,1.0000,0.0000,
2.3446,4.6172,0.0000,0.0000,0.0000,1.0000,0.0000,
2.3379,4.6172,0.0000,0.0000,0.0000,1.0000,0.0000,
2.3313,4.6172,0.0000,0.0000,0.0000,1.0000,0.0075,
2.3246,4.6173,0.0000,0.0000,0.0000,1.0000,0.0000,
2.3179,4.6173,0.0000,0.0000,0.0000,1.0000,0.0000,
2.3113,4.6173,0.0000,0.0000,0.0000,1.0000,0.0000,
2.3046,4.6173,0.0000,0.0000,0.0000,1.0000,0.0000,
2.2979,4.6173,0.0000,0.0000,0.0000,1.0000,0.0075,
2.2912,4.6174,0.0000,0.0000,0.0000,1.0000,0.0000,
2.2846,4.6174,0.0000,0.0000,0.0000,1.0000,0.0000,
2.2779,4.6174,0.0000,0.0000,0.0000,1.0000,0.0000,
2.2712,4.6174,0.0000,0.0000,0.0000,1.0000,0.0075,
2.2645,4.6175,0.0000,0.0000,0.0000,1.0000,0.0000,
2.2579,4.6175,0.0000,0.0000,0.0000,1.0000,0.0000,
2.2512,4.6175,0.0000,0.0000,0.0000,1.0000,0.0000,
2.2445,4.6175,0.0000,0.0000,0.0000,1.0000,0.0075,
2.2378,4.6176,0.0000,0.0000,0.0000,1.0000,0.0000,
2.2312,4.6176,0.0000,0.0000,0.0000,1.0000,0.0000,
2.2245,4.6176,0.0000,0.0000,0.0000,1.0000,0.0000,
2.2178,4.6176,0.0000,0.0000,0.0000,1.0000,0.0075,
2.2111,4.6177,0.0000,0.0000,0.0000,1.0000,0.0000,
2.2045,4.6177,0.0000,0.0000,0.0000,1.0000,0.0000,
2.1978,4.6177,0.0000,0.0000,0.0000,1.0000,0.0000,
2.1911,4.6177,0.0000,0.0000,0.0000,1.0000,0.0000,
2.1844,4.6177,0.0000,0.0000,0.0000,1.0000,0.0076,
2.1778,4.6178,0.0000,0.0000,0.0000,1.0000,0.0000,
2.1711,4.6178,0.0000,0.0000,0.0000,1.0000,0.0000,
2.1644,4.6178,0.0000,0.0000,0.0000,1.0000,0.0000,
2.1577,4.6178,0.0000,0.0000,0.0000,1.0000,0.0076,
2.1511,4.6179,0.0000,0.0000,0.0000,1.0000,0.0000,
2.1444,4.6179,0.0000,0.0000,0.0000,1.0000,0.0000,
2.1377,4.6179,0.0000,0.0000,0.0000,1.0000,0.0000,
2.1311,4.6179,0.0000,0.0000,0.0000,1.0000,0.0075,
2.1244,4.6180,0.0000,0.0000,0.0000,1.0000,0.0000,
2.1177,4.6180,0.0000,0.0000,0.0000,1.0000,0.0000,
2.1110,4.6180,0.0000,0.0000,0.0000,1.0000,0.0000,
2.1044,4.6180,0.0000,0.0000,0.0000,1.0000,0.0075,
2.0977,4.6181,0.0000,0.0000,0.0000,1.0000,0.0000,
2.0910,4.6181,0.0000,0.0000,0.0000,1.0000,0.0000,
2.0843,4.6181,0.0000,0.0000,0.0000,1.0000,0.0000,
2.0777,4.6181,0.0000,0.0000,0.0000,1.0000,0.0075,
2.0710,4.6182,0.0000,0.0000,0.0000,1.0000,0.0000,
2.0643,4.6182,0.0000,0.0000,0.0000,1.0000,0.0000,
2.0576,4.6182,0.0000,0.0000,0.0000,1.0000,0.0000,
2.0510,4.6182,0.0000,0.0000,0.0000,1.0000,0.0000,
2.0443,4.6182,0.0000,0.0000,0.0000,1.0000,0.0075,
2.0376,4.6183,0.0000,0.0000,0.0000,1.0000,0.0000,
2.0309,4.6183,0.0000,0.0000,0.0000,1.0000,0.0000,
2.0243,4.6183,0.0000,0.0000,0.0000,1.0000,0.0000,
2.0176,4.6183,0.0000,0.0000,0.0000,1.0000,0.0075,
2.0109,4.6184,0.0000,0.0000,0.0000,1.0000,0.0000,
2.0042,4.6184,0.0000,0.0000,0.0000,1.0000,0.0000,
1.9976,4.6184,0.0000,0.0000,0.0000,1.0000,0.0000,
1.9909,4.6184,0.0000,0.0000,0.0000,1.0000,0.0075,
1.9842,4.6185,0.0000,0.0000,0.0000,1.0000,0.0000,
1.9775,4.6185,0.0000,0.0000,0.0000,1.0000,0.0000,
1.9709,4.6185,0.0000,0.0000,0.0000,1.0000,0.0000,
1.9642,4.6185,0.0000,0.0000,0.0000,1.0000,0.0075,
1.9575,4.6186,0.0000,0.0000,0.0000,1.0000,0.0000,
1.9508,4.6186,0.0000,0.0000,0.0000,1.0000,0.0000,
1.9442,4.6186,0.0000,0.0000,0.0000,1.0000,0.0000,
1.9375,4.6186,0.0000,0.0000,0.0000,1.0000,0.0075,
1.9308,4.6187,0.0000,0.0000,0.0000,1.0000,0.0000,
1.9242,4.6187,0.0000,0.0000,0.0000,1.0000,0.0000,
1.9175,4.6187,0.0000,0.0000,0.0000,1.0000,0.0000,
1.9108,4.6187,0.0000,0.0000,0.0000,1.0000,0.0000,
1.9041,4.6187,0.0000,0.0000,0.0000,1.0000,0.0076,
1.8975,4.6188,0.0000,0.0000,0.0000,1.0000,0.0000,
1.8908,4.6188,0.0000,0.0000,0.0000,1.0000,0.0000,
1.8841,4.6188,0.0000,0.0000,0.0000,1.0000,0.0000,
1.8774,4.6188,0.0000,0.0000,0.0000,1.0000,0.0076,
1.8708,4.6189,0.0000,0.0000,0.0000,1.0000,0.0000,
1.8641,4.6189,0.0000,0.0000,0.0000,1.0000,0.0000,
1.8574,4.6189,0.0000,0.0000,0.0000,1.0000,0.0000,
1.8507,4.6189,0.0000,0.0000,0.0000,1.0000,0.0076,
1.8441,4.6190,0.0000,0.0000,0.0000,1.0000,0.0000,
1.8374,4.6190,0.0000,0.0000,0.0000,1.0000,0.0000,
1.8307,4.6190,0.0000,0.0000,0.0000,1.0000,0.0000,
1.8240,4.6190,0.0000,0.0000,0.0000,1.0000,0.0076,
1.8174,4.6191,0.0000,0.0000,0.0000,1.0000,0.0000,
1.8107,4.6191,0.0000,0.0000,0.0000,1.0000,0.0000,
1.8040,4.6191,0.0000,0.0000,0.0000,1.0000,0.0000,
1.7973,4.6191,0.0000,0.0000,0.0000,1.0000,0.0076,
1.7907,4.6192,0.0000,0.0000,0.0000,1.0000,0.0000,
1.7840,4.6192,0.0000,0.0000,0.0000,1.0000,0.0000,
1.7773,4.6192,0.0000,0.0000,0.0000,1.0000,0.0000,
1.7706,4.6192,0.0000,0.0000,0.0000,1.0000,0.0000,
1.7640,4.6192,0.0000,0.0000,0.0000,1.0000,0.0075,
1.7573,4.6193,0.0000,0.0000,0.0000,1.0000,0.0000,
1.7506,4.6193,0.0000,0.0000,0.0000,1.0000,0.0000,
1.7439,4.6193,0.0000,0.0000,0.0000,1.0000,0.0000,
1.7373,4.6193,0.0000,0.0000,0.0000,1.0000,0.0075,
1.7306,4.6194,0.0000,0.0000,0.0000,1.0000,0.0000,
1.7239,4.6194,0.0000,0.0000,0.0000,1.0000,0.0000,
1.7173,4.6194,0.0000,0.0000,0.0000,1.0000,0.0000,
1.7106,4.6194,0.0000,0.0000,0.0000,1.0000,0.0075,
1.7039,4.6195,0.0000,0.0000,0.0000,1.0000,0.0000,
1.6972,4.6195,0.0000,0.0000,0.0000,1.0000,0.0000,
1.6906,4.6195,0.0000,0.0000,0.0000,1.0000,0.0000,
1.6839,4.6195,0.0000,0.0000,0.0000,1.0000,0.0075,
1.6772,4.6196,0.0000,0.0000,0.0000,1.0000,0.0000,
1.6705,4.6196,0.0000,0.0000,0.0000,1.0000,0.0000,
1.6639,4.6196,0.0000,0.0000,0.0000,1.0000,0.0000,
1.6572,4.6196,0.0000,0.0000,0.0000,1.0000,0.0075,
1.6505,4.6197,0.0000,0.0000,0.0000,1.0000,0.0000,
1.6438,4.6197,0.0000,0.0000,0.0000,1.0000,0.0000,
1.6372,4.6197,0.0000,0.0000,0.0000,1.0000,0.0000,
1.6305,4.6197,0.0000,0.0000,0.0000,1.0000,0.0000,
1.6238,4.6197,0.0000,0.0000,0.0000,1.0000,0.0075,
1.6171,4.6198,0.0000,0.0000,0.0000,1.0000,0.0000,
1.6105,4.6198,0.0000,0.0000,0.0000,1.0000,0.0000,
1.6038,4.6198,0.0000,0.0000,0.0000,1.0000,0.0000,
1.5971,4.6198,0.0000,0.0000,0.0000,1.0000,0.0075,
1.5904,4.6199,0.0000,0.0000,0.0000,1.0000,0.0000,
1.5838,4.6199,0.0000,0.0000,0.0000,1.0000,0.0000,
1.5771,4.6199,0.0000,0.0000,0.0000,1.0000,0.0000,
1.5704,4.6199,0.0000,0.0000,0.0000,1.0000,0.0075,
1.5637,4.6200,0.0000,0.0000,0.0000,1.0000,0.0000,
1.5571,4.6200,0.0000,0.0000,0.0000,1.0000,0.0000,
1.5504,4.6200,0.0000,0.0000,0.0000,1.0000,0.0000,
1.5437,4.6200,0.0000,0.0000,0.0000,1.0000,0.0076,
1.5371,4.6201,0.0000,0.0000,0.0000,1.0000,0.0000,
1.5304,4.6201,0.0000,0.0000,0.0000,1.0000,0.0000,
1.5237,4.6201,0.0000,0.0000,0.0000,1.0000,0.0000,
1.5170,4.6201,0.0000,0.0000,0.0000,1.0000,0.0076,
1.5104,4.6202,0.0000,0.0000,0.0000,1.0000,0.0000,
1.5037,4.6202,0.0000,0.0000,0.0000,1.0000,0.0000,
1.4970,4.6202,0.0000,0.0000,0.0000,1.0000,0.0000,
1.4903,4.6202,0.0000,0.0000,0.0000,1.0000,0.0000,
1.4837,4.6202,0.0000,0.0000,0.0000,1.0000,0.0075,
1.4770,4.6203,0.0000,0.0000,0.0000,1.0000,0.0000,
1.4703,4.6203,0.0000,0.0000,0.0000,1.0000,0.0000,
1.4636,4.6203,0.0000,0.0000,0.0000,1.0000,0.0000,
1.4570,4.6203,0.0000,0.0000,0.0000,1.0000,0.0075,
1.4503,4.6204,0.0000,0.0000,0.0000,1.0000,0.0000,
1.4436,4.6204,0.0000,0.0000,0.0000,1.0000,0.0000,
1.4369,4.6204,0.0000,0.0000,0.0000,1.0000,0.0000,
1.4303,4.6204,0.0000,0.0000,0.0000,1.0000,0.0075,
1.4236,4.6205,0.0000,0.0000,0.0000,1.0000,0.0000,
1.4169,4.6205,0.0000,0.0000,0.0000,1.0000,0.0000,
1.4102,4.6205,0.0000,0.0000,0.0000,1.0000,0.0000,
1.4036,4.6205,0.0000,0.0000,0.0000,1.0000,0.0075,
1.3969,4.6206,0.0000,0.0000,0.0000,1.0000,0.0000,
1.3902,4.6206,0.0000,0.0000,0.0000,1.0000,0.0000,
1.3835,4.6206,0.0000,0.0000,0.0000,1.0000,0.0000,
1.3769,4.6206,0.0000,0.0000,0.0000,1.0000,0.0075,
1.3702,4.6207,0.0000,0.0000,0.0000,1.0000,0.0000,
1.3635,4.6207,0.0000,0.0000,0.0000,1.0000,0.0000,
1.3568,4.6207,0.0000,0.0000,0.0000,1.0000,0.0000,
1.3502,4.6207,0.0000,0.0000,0.0000,1.0000,0.0000,
1.3435,4.6207,0.0000,0.0000,0.0000,1.0000,0.0075,
1.3368,4.6208,0.0000,0.0000,0.0000,1.0000,0.0000,
1.3302,4.6208,0.0000,0.0000,0.0000,1.0000,0.0000,
1.3235,4.6208,0.0000,0.0000,0.0000,1.0000,0.0000,
1.3168,4.6208,0.0000,0.0000,0.0000,1.0000,0.0075,
1.3101,4.6209,0.0000,0.0000,0.0000,1.0000,0.0000,
1.3035,4.6209,0.0000,0.0000,0.0000,1.0000,0.0000,
1.2968,4.6209,0.0000,0.0000,0.0000,1.0000,0.0000,
1.2901,4.6209,0.0000,0.0000,0.0000,1.0000,0.0075,
1.2834,4.6210,0.0000,0.0000,0.0000,1.0000,0.0000,
1.2768,4.6210,0.0000,0.0000,0.0000,1.0000,0.0000,
1.2701,4.6210,0.0000,0.0000,0.0000,1.0000,0.0000,
1.2634,4.6210,0.0000,0.0000,0.0000,1.0000,0.0075,
1.2567,4.6211,0.0000,0.0000,0.0000,1.0000,0.0000,
1.2501,4.6211,0.0000,0.0000,0.0000,1.0000,0.0000,
1.2434,4.6211,0.0000,0.0000,0.0000,1.0000,0.0000,
1.2367,4.6211,0.0000,0.0000,0.0000,1.0000,0.0075,
1.2300,4.6212,0.0000,0.0000,0.0000,1.0000,0.0000,
1.2234,4.6212,0.0000,0.0000,0.0000,1.0000,0.0000,
1.2167,4.6212,0.0000,0.0000,0.0000,1.0000,0.0000,
1.2100,4.6212,0.0000,0.0000,0.0000,1.0000,0.0000,
1.2033,4.6212,0.0000,0.0000,0.0000,1.0000,0.0076,
1.1967,4.6213,0.0000,0.0000,0.0000,1.0000,0.0000,
1.1900,4.6213,0.0000,0.0000,0.0000,1.0000,0.0000,
1.1833,4.6213,0.0000,0.0000,0.0000,1.0000,0.0000,
1.1766,4.6213,0.0000,0.0000,0.0000,1.0000,0.0076,
1.1700,4.6214,0.0000,0.0000,0.0000,1.0000,0.0000,
1.1633,4.6214,0.0000,0.0000,0.0000,1.0000,0.0000,
1.1566,4.6214,0.0000,0.0000,0.0000,1.0000,0.0000,
1.1499,4.6214,0.0000,0.0000,0.0000,1.0000,0.0076,
1.1433,4.6215,0.0000,0.0000,0.0000,1.0000,0.0000,
1.1366,4.6215,0.0000,0.0000,0.0000,1.0000,0.0000,
1.1299,4.6215,0.0000,0.0000,0.0000,1.0000,0.0000,
1.1233,4.6215,0.0000,0.0000,0.0000,1.0000,0.0075,
1.1166,4.6216,0.0000,0.0000,0.0000,1.0000,0.0000,
1.1099,4.6216,0.0000,0.0000,0.0000,1.0000,0.0000,
1.1032,4.6216,0.0000,0.0000,0.0000,1.0000,0.0000,
1.0966,4.6216,0.0000,0.0000,0.0000,1.0000,0.0075,
1.0899,4.6217,0.0000,0.0000,0.0000,1.0000,0.0000,
1.0832,4.6217,0.0000,0.0000,0.0000,1.0000,0.0000,
1.0765,4.6217,0.0000,0.0000,0.0000,1.0000,0.0000,
1.0699,4.6217,0.0000,0.0000,0.0000,1.0000,0.0000,
1.0632,4.6217,0.0000,0.0000,0.0000,1.0000,0.0075,
1.0565,4.6218,0.0000,0.0000,0.0000,1.0000,0.0000,
1.0498,4.6218,0.0000,0.0000,0.0000,1.0000,0.0000,
1.0432,4.6218,0.0000,0.0000,0.0000,1.0000,0.0000,
1.0365,4.6218,0.0000,0.0000,0.0000,1.0000,0.0075,
1.0298,4.6219,0.0000,0.0000,0.0000,1.0000,0.0000,
1.0231,4.6219,0.0000,0.0000,0.0000,1.0000,0.0000,
1.0165,4.6219,0.0000,0.0000,0.0000,1.0000,0.0000,
1.0098,4.6219,0.0000,0.0000,0.0000,1.0000,0.0075,
1.0031,4.6220,0.0000,0.0000,0.0000,1.0000,0.0000,
0.9964,4.6220,0.0000,0.0000,0.0000,1.0000,0.0000,
0.9898,4.6220,0.0000,0.0000,0.0000,1.0000,0.0000,
0.9831,4.6220,0.0000,0.0000,0.0000,1.0000,0.0075,
0.9764,4.6221,0.0000,0.0000,0.0000,1.0000,0.0000,
0.9697,4.6221,0.0000,0.0000,0.0000,1.0000,0.0000,
0.9631,4.6221,0.0000,0.0000,0.0000,1.0000,0.0000,
0.9564,4.6221,0.0000,0.0000,0.0000,1.0000,0.0000,
0.9497,4.6221,0.0000,0.0000,0.0000,1.0000,0.0076,
0.9431,4.6222,0.0000,0.0000,0.0000,1.0000,0.0000,
0.9364,4.6222,0.0000,0.0000,0.0000,1.0000,0.0000,
0.9297,4.6222,0.0000,0.0000,0.0000,1.0000,0.0000,
0.9230,4.6222,0.0000,0.0000,0.0000,1.0000,0.0076,
0.9164,4.6223,0.0000,0.0000,0.0000,1.0000,0.0000,
0.9097,4.6223,0.0000,0.0000,0.0000,1.0000,0.0000,
0.9030,4.6223,0.0000,0.0000,0.0000,1.0000,0.0000,
0.8963,4.6223,0.0000,0.0000,0.0000,1.0000,0.0076,
0.8897,4.6224,0.0000,0.0000,0.0000,1.0000,0.0000,
0.8830,4.6224,0.0000,0.0000,0.0000,1.0000,0.0000,
0.8763,4.6224,0.0000,0.0000,0.0000,1.0000,0.0000,
0.8696,4.6224,0.0000,0.0000,0.0000,1.0000,0.0076,
0.8630,4.6225,0.0000,0.0000,0.0000,1.0000,0.0000,
0.8563,4.6225,0.0000,0.0000,0.0000,1.0000,0.0000,
0.8496,4.6225,0.0000,0.0000,0.0000,1.0000,0.0000,
0.8429,4.6225,0.0000,0.0000,0.0000,1.0000,0.0076,
0.8363,4.6226,0.0000,0.0000,0.0000,1.0000,0.0000,
0.8296,4.6226,0.0000,0.0000,0.0000,1.0000,0.0000,
0.8229,4.6226,0.0000,0.0000,0.0000,1.0000,0.0000,
0.8162,4.6226,0.0000,0.0000,0.0000,1.0000,0.0000,
0.8096,4.6226,0.0000,0.0000,0.0000,1.0000,0.0075,
0.8029,4.6227,0.0000,0.0000,0.0000,1.0000,0.0000,
0.7962,4.6227,0.0000,0.0000,0.0000,1.0000,0.0000,
0.7895,4.6227,0.0000,0.0000,0.0000,1.0000,0.0000,
0.7829,4.6227,0.0000,0.0000,0.0000,1.0000,0.0075,
0.7762,4.6228,0.0000,0.0000,0.0000,1.0000,0.0000,
0.7695,4.6228,0.0000,0.0000,0.0000,1.0000,0.0000,
0.7628,4.6228,0.0000,0.0000,0.0000,1.0000,0.0000,
0.7562,4.6228,0.0000,0.0000,0.0000,1.0000,0.0075,
0.7495,4.6229,0.0000,0.0000,0.0000,1.0000,0.0000,
0.7428,4.6229,0.0000,0.0000,0.0000,1.0000,0.0000,
0.7362,4.6229,0.0000,0.0000,0.0000,1.0000,0.0000,
0.7295,4.6229,0.0000,0.0000,0.0000,1.0000,0.0075,
0.7228,4.6230,0.0000,0.0000,0.0000,1.0000,0.0000,
0.7161,4.6230,0.0000,0.0000,0.0000,1.0000,0.0000,
0.7095,4.6230,0.0000,0.0000,0.0000,1.0000,0.0000,
0.7028,4.6230,0.0000,0.0000,0.0000,1.0000,0.0037,
0.6894,4.6231,0.0000,0.0000,0.0000,-0.9885,0.1513,
0.6827,4.6210,0.0000,0.0000,0.0000,-0.9874,0.1580,
0.6760,4.6188,0.0000,0.0000,0.0000,-0.9888,0.1492,
0.6692,4.6167,0.0000,0.0000,0.0000,-0.9885,0.1513,
0.6625,4.6146,0.0000,0.0000,0.0000,-0.9885,0.1513,
0.6558,4.6125,0.0000,0.0000,0.0000,-0.9885,0.1513,
0.6491,4.6104,0.0000,0.0000,0.0000,-0.9888,0.1492,
0.6423,4.6083,0.0000,0.0000,0.0000,-0.9874,0.1580,
0.6356,4.6061,0.0000,0.0000,0.0000,-0.9885,0.1513,
0.6289,4.6040,0.0000,0.0000,0.0000,-0.9888,0.1492,
0.6221,4.6019,0.0000,0.0000,0.0000,-0.9885,0.1513,
0.6154,4.5998,0.0000,0.0000,0.0000,-0.9885,0.1513,
0.6087,4.5977,0.0000,0.0000,0.0000,-0.9885,0.1513,
0.6020,4.5956,0.0000,0.0000,0.0000,-0.9878,0.1558,
0.5952,4.5934,0.0000,0.0000,0.0000,-0.9885,0.1513,
0.5818,4.5892,0.0000,0.0000,0.0000,-0.9135,0.4068,
0.5773,4.5842,0.0000,0.0000,0.0000,-0.9157,0.4018,
0.5727,4.5792,0.0000,0.0000,0.0000,-0.9135,0.4068,
0.5682,4.5742,0.0000,0.0000,0.0000,-0.9135,0.4068,
0.5637,4.5692,0.0000,0.0000,0.0000,-0.9135,0.4068,
0.5592,4.5642,0.0000,0.0000,0.0000,-0.9115,0.4113,
0.5547,4.5591,0.0000,0.0000,0.0000,-0.9157,0.4018,
0.5501,4.5541,0.0000,0.0000,0.0000,-0.9135,0.4068,
0.5456,4.5491,0.0000,0.0000,0.0000,-0.9135,0.4068,
0.5411,4.5441,0.0000,0.0000,0.0000,-0.9135,0.4068,
0.5366,4.5391,0.0000,0.0000,0.0000,-0.9157,0.4018,
0.5320,4.5341,0.0000,0.0000,0.0000,-0.9135,0.4068,
0.5275,4.5291,0.0000,0.0000,0.0000,-0.9135,0.4068,
0.5230,4.5241,0.0000,0.0000,0.0000,-0.9135,0.4068,
0.5185,4.5191,0.0000,0.0000,0.0000,-0.9146,0.4043,
0.5094,4.5091,0.0000,0.0000,0.0000,-0.8031,0.5958,
0.5074,4.5025,0.0000,0.0000,0.0000,-0.8072,0.5903,
0.5053,4.4959,0.0000,0.0000,0.0000,-0.8072,0.5903,
0.5032,4.4893,0.0000,0.0000,0.0000,-0.8031,0.5958,
0.5012,4.4827,0.0000,0.0000,0.0000,-0.8085,0.5885,
0.4991,4.4762,0.0000,0.0000,0.0000,-0.8072,0.5903,
0.4970,4.4696,0.0000,0.0000,0.0000,-0.8031,0.5958,
0.4950,4.4630,0.0000,0.0000,0.0000,-0.8072,0.5903,
0.4929,4.4564,0.0000,0.0000,0.0000,-0.8072,0.5903,
0.4908,4.4498,0.0000,0.0000,0.0000,-0.8085,0.5885,
0.4887,4.4433,0.0000,0.0000,0.0000,-0.8031,0.5958,
0.4867,4.4367,0.0000,0.0000,0.0000,-0.8072,0.5903,
0.4846,4.4301,0.0000,0.0000,0.0000,-0.8072,0.5903,
0.4825,4.4235,0.0000,0.0000,0.0000,-0.8031,0.5958,
0.4805,4.4169,0.0000,0.0000,0.0000,-0.8085,0.5885,
0.4784,4.4104,0.0000,0.0000,0.0000,-0.8072,0.5903,
0.4763,4.4038,0.0000,0.0000,0.0000,-0.8031,0.5958,
0.4743,4.3972,0.0000,0.0000,0.0000,-0.8072,0.5903,
0.4722,4.3906,0.0000,0.0000,0.0000,-0.8072,0.5903,
0.4701,4.3840,0.0000,0.0000,0.0000,-0.8085,0.5885,
0.4680,4.3775,0.0000,0.0000,0.0000,-0.8031,0.5958,
0.4660,4.3709,0.0000,0.0000,0.0000,-0.8072,0.5903,
0.4639,4.3643,0.0000,0.0000,0.0000,-0.8072,0.5903,
0.4618,4.3577,0.0000,0.0000,0.0000,-0.8058,0.5922,
0.4577,4.3446,0.0000,0.0000,0.0000,-0.7018,0.7124,
0.4578,4.3379,0.0000,0.0000,0.0000,-0.7018,0.7124,
0.4579,4.3312,0.0000,0.0000,0.0000,-0.7071,0.7071,
0.4579,4.3245,0.0000,0.0000,0.0000,-0.7018,0.7124,
0.4580,4.3178,0.0000,0.0000,0.0000,-0.7018,0.7124,
0.4581,4.3111,0.0000,0.0000,0.0000,-0.7017,0.7124,
0.4582,4.3045,0.0000,0.0000,0.0000,-0.7018,0.7124,
0.4583,4.2978,0.0000,0.0000,0.0000,-0.7071,0.7071,
0.4583,4.2911,0.0000,0.0000,0.0000,-0.7018,0.7124,
0.4584,4.2844,0.0000,0.0000,0.0000,-0.7018,0.7124,
0.4585,4.2777,0.0000,0.0000,0.0000,-0.7018,0.7124,
0.4586,4.2710,0.0000,0.0000,0.0000,-0.7071,0.7071,
0.4586,4.2644,0.0000,0.0000,0.0000,-0.7018,0.7124,
0.4587,4.2577,0.0000,0.0000,0.0000,-0.7018,0.7124,
0.4588,4.2510,0.0000,0.0000,0.0000,-0.7018,0.7124,
0.4589,4.2443,0.0000,0.0000,0.0000,-0.7018,0.7124,
0.4590,4.2376,0.0000,0.0000,0.0000,-0.7071,0.7071,
0.4590,4.2309,0.0000,0.0000,0.0000,-0.7017,0.7124,
0.4591,4.2243,0.0000,0.0000,0.0000,-0.7018,0.7124,
0.4592,4.2176,0.0000,0.0000,0.0000,-0.7018,0.7124,
0.4593,4.2109,0.0000,0.0000,0.0000,-0.7018,0.7124,
0.4594,4.2042,0.0000,0.0000,0.0000,-0.7071,0.7071,
0.4594,4.1975,0.0000,0.0000,0.0000,-0.7018,0.7124,
0.4595,4.1908,0.0000,0.0000,0.0000,-0.7017,0.7124,
0.4596,4.1842,0.0000,0.0000,0.0000,-0.7018,0.7124,
0.4597,4.1775,0.0000,0.0000,0.0000,-0.7045,0.7097,
0.4598,4.1641,0.0000,0.0000,0.0000,-0.7124,0.7018,
0.4597,4.1574,0.0000,0.0000,0.0000,-0.7071,0.7071,
0.4597,4.1508,0.0000,0.0000,0.0000,-0.7124,0.7018,
0.4596,4.1441,0.0000,0.0000,0.0000,-0.7124,0.7018,
0.4595,4.1374,0.0000,0.0000,0.0000,-0.7124,0.7018,
0.4594,4.1307,0.0000,0.0000,0.0000,-0.7124,0.7017,
0.4593,4.1241,0.0000,0.0000,0.0000,-0.7124,0.7018,
0.4592,4.1174,0.0000,0.0000,0.0000,-0.7071,0.7071,
0.4592,4.1107,0.0000,0.0000,0.0000,-0.7124,0.7018,
0.4591,4.1040,0.0000,0.0000,0.0000,-0.7124,0.7017,
0.4590,4.0974,0.0000,0.0000,0.0000,-0.7124,0.7018,
0.4589,4.0907,0.0000,0.0000,0.0000,-0.7124,0.7018,
0.4588,4.0840,0.0000,0.0000,0.0000,-0.7124,0.7017,
0.4587,4.0774,0.0000,0.0000,0.0000,-0.7071,0.7071,
0.4587,4.0707,0.0000,0.0000,0.0000,-0.7124,0.7018,
0.4586,4.0640,0.0000,0.0000,0.0000,-0.7124,0.7018,
0.4585,4.0573,0.0000,0.0000,0.0000,-0.7124,0.7017,
0.4584,4.0507,0.0000,0.0000,0.0000,-0.7124,0.7018,
0.4583,4.0440,0.0000,0.0000,0.0000,-0.7124,0.7018,
0.4582,4.0373,0.0000,0.0000,0.0000,-0.7071,0.7071,
0.4582,4.0306,0.0000,0.0000,0.0000,-0.7124,0.7017,
0.4581,4.0240,0.0000,0.0000,0.0000,-0.7124,0.7018,
0.4580,4.0173,0.0000,0.0000,0.0000,-0.7124,0.7018,
0.4579,4.0106,0.0000,0.0000,0.0000,-0.7124,0.7017,
0.4578,4.0040,0.0000,0.0000,0.0000,-0.7124,0.7018,
0.4577,3.9973,0.0000,0.0000,0.0000,-0.7071,0.7071,
0.4577,3.9906,0.0000,0.0000,0.0000,-0.7124,0.7018,
0.4576,3.9839,0.0000,0.0000,0.0000,-0.7124,0.7017,
0.4575,3.9773,0.0000,0.0000,0.0000,-0.7124,0.7018,
0.4574,3.9706,0.0000,0.0000,0.0000,-0.7124,0.7018,
0.4573,3.9639,0.0000,0.0000,0.0000,-0.7124,0.7018,
0.4572,3.9572,0.0000,0.0000,0.0000,-0.7071,0.7071,
0.4572,3.9506,0.0000,0.0000,0.0000,-0.7124,0.7018,
0.4571,3.9439,0.0000,0.0000,0.0000,-0.7124,0.7018,
0.4570,3.9372,0.0000,0.0000,0.0000,-0.7124,0.7017,
0.4569,3.9306,0.0000,0.0000,0.0000,-0.7124,0.7018,
0.4568,3.9239,0.0000,0.0000,0.0000,-0.7124,0.7018,
0.4567,3.9172,0.0000,0.0000,0.0000,-0.7071,0.7071,
0.4567,3.9105,0.0000,0.0000,0.0000,-0.7124,0.7017,
0.4566,3.9039,0.0000,0.0000,0.0000,-0.7124,0.7018,
0.4565,3.8972,0.0000,0.0000,0.0000,-0.7124,0.7018,
0.4564,3.8905,0.0000,0.0000,0.0000,-0.7124,0.7018,
0.4563,3.8838,0.0000,0.0000,0.0000,-0.7124,0.7017,
0.4562,3.8772,0.0000,0.0000,0.0000,-0.7071,0.7071,
0.4562,3.8705,0.0000,0.0000,0.0000,-0.7124,0.7018,
0.4561,3.8638,0.0000,0.0000,0.0000,-0.7124,0.7017,
0.4560,3.8572,0.0000,0.0000,0.0000,-0.7124,0.7018,
0.4559,3.8505,0.0000,0.0000,0.0000,-0.7124,0.7018,
0.4558,3.8438,0.0000,0.0000,0.0000,-0.7124,0.7018,
0.4557,3.8371,0.0000,0.0000,0.0000,-0.7071,0.7071,
0.4557,3.8305,0.0000,0.0000,0.0000,-0.7124,0.7018,
0.4556,3.8238,0.0000,0.0000,0.0000,-0.7124,0.7018,
0.4555,3.8171,0.0000,0.0000,0.0000,-0.7124,0.7018,
0.4554,3.8104,0.0000,0.0000,0.0000,-0.7124,0.7017,
0.4553,3.8038,0.0000,0.0000,0.0000,-0.7124,0.7018,
0.4552,3.7971,0.0000,0.0000,0.0000,-0.7124,0.7018,
0.4551,3.7904,0.0000,0.0000,0.0000,-0.7071,0.7071,
0.4551,3.7838,0.0000,0.0000,0.0000,-0.7124,0.7018,
0.4550,3.7771,0.0000,0.0000,0.0000,-0.7124,0.7018,
0.4549,3.7704,0.0000,0.0000,0.0000,-0.7124,0.7018,
0.4548,3.7637,0.0000,0.0000,0.0000,-0.7124,0.7017,
0.4547,3.7571,0.0000,0.0000,0.0000,-0.7124,0.7018,
0.4546,3.7504,0.0000,0.0000,0.0000,-0.7071,0.7071,
0.4546,3.7437,0.0000,0.0000,0.0000,-0.7124,0.7018,
0.4545,3.7370,0.0000,0.0000,0.0000,-0.7124,0.7017,
0.4544,3.7304,0.0000,0.0000,0.0000,-0.7124,0.7018,
0.4543,3.7237,0.0000,0.0000,0.0000,-0.7124,0.7018,
0.4542,3.7170,0.0000,0.0000,0.0000,-0.7124,0.7017,
0.4541,3.7104,0.0000,0.0000,0.0000,-0.7071,0.7071,
0.4541,3.7037,0.0000,0.0000,0.0000,-0.7124,0.7018,
0.4540,3.6970,0.0000,0.0000,0.0000,-0.7124,0.7018,
0.4539,3.6903,0.0000,0.0000,0.0000,-0.7124,0.7017,
0.4538,3.6837,0.0000,0.0000,0.0000,-0.7124,0.7018,
0.4537,3.6770,0.0000,0.0000,0.0000,-0.7124,0.7018,
0.4536,3.6703,0.0000,0.0000,0.0000,-0.7071,0.7071,
0.4536,3.6636,0.0000,0.0000,0.0000,-0.7124,0.7017,
0.4535,3.6570,0.0000,0.0000,0.0000,-0.7124,0.7018,
0.4534,3.6503,0.0000,0.0000,0.0000,-0.7124,0.7018,
0.4533,3.6436,0.0000,0.0000,0.0000,-0.7124,0.7017,
0.4532,3.6370,0.0000,0.0000,0.0000,-0.7124,0.7018,
0.4531,3.6303,0.0000,0.0000,0.0000,-0.7071,0.7071,
0.4531,3.6236,0.0000,0.0000,0.0000,-0.7124,0.7018,
0.4530,3.6169,0.0000,0.0000,0.0000,-0.7124,0.7017,
0.4529,3.6103,0.0000,0.0000,0.0000,-0.7124,0.7018,
0.4528,3.6036,0.0000,0.0000,0.0000,-0.7124,0.7018,
0.4527,3.5969,0.0000,0.0000,0.0000,-0.7124,0.7018,
0.4526,3.5902,0.0000,0.0000,0.0000,-0.7071,0.7071,
0.4526,3.5836,0.0000,0.0000,0.0000,-0.7124,0.7018,
0.4525,3.5769,0.0000,0.0000,0.0000,-0.7124,0.7018,
0.4524,3.5702,0.0000,0.0000,0.0000,-0.7124,0.7017,
0.4523,3.5636,0.0000,0.0000,0.0000,-0.7124,0.7018,
0.4522,3.5569,0.0000,0.0000,0.0000,-0.7124,0.7018,
0.4521,3.5502,0.0000,0.0000,0.0000,-0.7071,0.7071,
0.4521,3.5435,0.0000,0.0000,0.0000,-0.7124,0.7017,
0.4520,3.5369,0.0000,0.0000,0.0000,-0.7124,0.7018,
0.4519,3.5302,0.0000,0.0000,0.0000,-0.7124,0.7018,
0.4518,3.5235,0.0000,0.0000,0.0000,-0.7124,0.7018,
0.4517,3.5168,0.0000,0.0000,0.0000,-0.7124,0.7017,
0.4516,3.5102,0.0000,0.0000,0.0000,-0.7071,0.7071,
0.4516,3.5035,0.0000,0.0000,0.0000,-0.7124,0.7018,
0.4515,3.4968,0.0000,0.0000,0.0000,-0.7124,0.7017,
0.4514,3.4902,0.0000,0.0000,0.0000,-0.7124,0.7018,
0.4513,3.4835,0.0000,0.0000,0.0000,-0.7124,0.7018,
0.4512,3.4768,0.0000,0.0000,0.0000,-0.7124,0.7018,
0.4511,3.4701,0.0000,0.0000,0.0000,-0.7071,0.7071,
0.4511,3.4635,0.0000,0.0000,0.0000,-0.7124,0.7018,
0.4510,3.4568,0.0000,0.0000,0.0000,-0.7124,0.7018,
0.4509,3.4501,0.0000,0.0000,0.0000,-0.7124,0.7018,
0.4508,3.4434,0.0000,0.0000,0.0000,-0.7124,0.7017,
0.4507,3.4368,0.0000,0.0000,0.0000,-0.7124,0.7018,
0.4506,3.4301,0.0000,0.0000,0.0000,-0.7071,0.7071,
0.4506,3.4234,0.0000,0.0000,0.0000,-0.7124,0.7017,
0.4505,3.4168,0.0000,0.0000,0.0000,-0.7124,0.7018,
0.4504,3.4101,0.0000,0.0000,0.0000,-0.7124,0.7018,
0.4503,3.4034,0.0000,0.0000,0.0000,-0.7124,0.7018,
0.4502,3.3967,0.0000,0.0000,0.0000,-0.7124,0.7017,
0.4501,3.3901,0.0000,0.0000,0.0000,-0.7071,0.7071,
0.4501,3.3834,0.0000,0.0000,0.0000,-0.7124,0.7018,
0.4500,3.3767,0.0000,0.0000,0.0000,-0.7124,0.7018,
0.4499,3.3700,0.0000,0.0000,0.0000,-0.7124,0.7017,
0.4498,3.3634,0.0000,0.0000,0.0000,-0.7124,0.7018,
0.4497,3.3567,0.0000,0.0000,0.0000,-0.7124,0.7018,
0.4496,3.3500,0.0000,0.0000,0.0000,-0.7071,0.7071,
0.4496,3.3434,0.0000,0.0000,0.0000,-0.7124,0.7018,
0.4495,3.3367,0.0000,0.0000,0.0000,-0.7124,0.7018,
0.4494,3.3300,0.0000,0.0000,0.0000,-0.7124,0.7018,
0.4493,3.3233,0.0000,0.0000,0.0000,-0.7124,0.7017,
0.4492,3.3167,0.0000,0.0000,0.0000,-0.7124,0.7018,
0.4491,3.3100,0.0000,0.0000,0.0000,-0.7071,0.7071,
0.4491,3.3033,0.0000,0.0000,0.0000,-0.7124,0.7018,
0.4490,3.2966,0.0000,0.0000,0.0000,-0.7124,0.7017,
0.4489,3.2900,0.0000,0.0000,0.0000,-0.7124,0.7018,
0.4488,3.2833,0.0000,0.0000,0.0000,-0.7124,0.7018,
0.4487,3.2766,0.0000,0.0000,0.0000,-0.7124,0.7017,
0.4486,3.2700,0.0000,0.0000,0.0000,-0.7071,0.7071,
0.4486,3.2633,0.0000,0.0000,0.0000,-0.7124,0.7018,
0.4485,3.2566,0.0000,0.0000,0.0000,-0.7124,0.7018,
0.4484,3.2499,0.0000,0.0000,0.0000,-0.7124,0.7017,
0.4483,3.2433,0.0000,0.0000,0.0000,-0.7124,0.7018,
0.4482,3.2366,0.0000,0.0000,0.0000,-0.7124,0.7018,
0.4481,3.2299,0.0000,0.0000,0.0000,-0.7071,0.7071,
0.4481,3.2232,0.0000,0.0000,0.0000,-0.7124,0.7017,
0.4480,3.2166,0.0000,0.0000,0.0000,-0.7124,0.7018,
0.4479,3.2099,0.0000,0.0000,0.0000,-0.7124,0.7018,
0.4478,3.2032,0.0000,0.0000,0.0000,-0.7124,0.7017,
0.4477,3.1966,0.0000,0.0000,0.0000,-0.7124,0.7018,
0.4476,3.1899,0.0000,0.0000,0.0000,-0.7124,0.7018,
0.4475,3.1832,0.0000,0.0000,0.0000,-0.7071,0.7071,
0.4475,3.1765,0.0000,0.0000,0.0000,-0.7124,0.7017,
0.4474,3.1699,0.0000,0.0000,0.0000,-0.7124,0.7018,
0.4473,3.1632,0.0000,0.0000,0.0000,-0.7124,0.7018,
0.4472,3.1565,0.0000,0.0000,0.0000,-0.7124,0.7018,
0.4471,3.1498,0.0000,0.0000,0.0000,-0.7124,0.7017,
0.4470,3.1432,0.0000,0.0000,0.0000,-0.7071,0.7071,
0.4470,3.1365,0.0000,0.0000,0.0000,-0.7124,0.7018,
0.4469,3.1298,0.0000,0.0000,0.0000,-0.7124,0.7017,
0.4468,3.1232,0.0000,0.0000,0.0000,-0.7124,0.7018,
0.4467,3.1165,0.0000,0.0000,0.0000,-0.7124,0.7018,
0.4466,3.1098,0.0000,0.0000,0.0000,-0.7124,0.7018,
0.4465,3.1031,0.0000,0.0000,0.0000,-0.7071,0.7071,
0.4465,3.0965,0.0000,0.0000,0.0000,-0.7124,0.7018,
0.4464,3.0898,0.0000,0.0000,0.0000,-0.7124,0.7018,
0.4463,3.0831,0.0000,0.0000,0.0000,-0.7124,0.7018,
0.4462,3.0764,0.0000,0.0000,0.0000,-0.7124,0.7017,
0.4461,3.0698,0.0000,0.0000,0.0000,-0.7124,0.7018,
0.4460,3.0631,0.0000,0.0000,0.0000,-0.7071,0.7071,
0.4460,3.0564,0.0000,0.0000,0.0000,-0.7124,0.7017,
0.4459,3.0498,0.0000,0.0000,0.0000,-0.7124,0.7018,
0.4458,3.0431,0.0000,0.0000,0.0000,-0.7124,0.7018,
0.4457,3.0364,0.0000,0.0000,0.0000,-0.7124,0.7018,
0.4456,3.0297,0.0000,0.0000,0.0000,-0.7124,0.7017,
0.4455,3.0231,0.0000,0.0000,0.0000,-0.7071,0.7071,
0.4455,3.0164,0.0000,0.0000,0.0000,-0.7124,0.7018,
0.4454,3.0097,0.0000,0.0000,0.0000,-0.7124,0.7018,
0.4453,3.0030,0.0000,0.0000,0.0000,-0.7124,0.7017,
0.4452,2.9964,0.0000,0.0000,0.0000,-0.7124,0.7018,
0.4451,2.9897,0.0000,0.0000,0.0000,-0.7124,0.7018,
0.4450,2.9830,0.0000,0.0000,0.0000,-0.7071,0.7071,
0.4450,2.9764,0.0000,0.0000,0.0000,-0.7124,0.7018,
0.4449,2.9697,0.0000,0.0000,0.0000,-0.7124,0.7018,
0.4448,2.9630,0.0000,0.0000,0.0000,-0.7124,0.7018,
0.4447,2.9563,0.0000,0.0000,0.0000,-0.7124,0.7017,
0.4446,2.9497,0.0000,0.0000,0.0000,-0.7124,0.7018,
0.4445,2.9430,0.0000,0.0000,0.0000,-0.7071,0.7071,
0.4445,2.9363,0.0000,0.0000,0.0000,-0.7124,0.7018,
0.4444,2.9296,0.0000,0.0000,0.0000,-0.7124,0.7017,
0.4443,2.9230,0.0000,0.0000,0.0000,-0.7124,0.7018,
0.4442,2.9163,0.0000,0.0000,0.0000,-0.7124,0.7018,
0.4441,2.9096,0.0000,0.0000,0.0000,-0.7124,0.7017,
0.4440,2.9030,0.0000,0.0000,0.0000,-0.7071,0.7071,
0.4440,2.8963,0.0000,0.0000,0.0000,-0.7124,0.7018,
0.4439,2.8896,0.0000,0.0000,0.0000,-0.7124,0.7018,
0.4438,2.8829,0.0000,0.0000,0.0000,-0.7124,0.7017,
0.4437,2.8763,0.0000,0.0000,0.0000,-0.7124,0.7018,
0.4436,2.8696,0.0000,0.0000,0.0000,-0.7124,0.7018,
0.4435,2.8629,0.0000,0.0000,0.0000,-0.7071,0.7071,
0.4435,2.8562,0.0000,0.0000,0.0000,-0.7124,0.7017,
0.4434,2.8496,0.0000,0.0000,0.0000,-0.7124,0.7018,
0.4433,2.8429,0.0000,0.0000,0.0000,-0.7124,0.7018,
0.4432,2.8362,0.0000,0.0000,0.0000,-0.7124,0.7017,
0.4431,2.8296,0.0000,0.0000,0.0000,-0.7124,0.7018,
0.4430,2.8229,0.0000,0.0000,0.0000,-0.7071,0.7071,
0.4430,2.8162,0.0000,0.0000,0.0000,-0.7124,0.7018,
0.4429,2.8095,0.0000,0.0000,0.0000,-0.7124,0.7017,
0.4428,2.8029,0.0000,0.0000,0.0000,-0.7124,0.7018,
0.4427,2.7962,0.0000,0.0000,0.0000,-0.7124,0.7018,
0.4426,2.7895,0.0000,0.0000,0.0000,-0.7124,0.7018,
0.4425,2.7828,0.0000,0.0000,0.0000,-0.7071,0.7071,
0.4425,2.7762,0.0000,0.0000,0.0000,-0.7124,0.7018,
0.4424,2.7695,0.0000,0.0000,0.0000,-0.7124,0.7018,
0.4423,2.7628,0.0000,0.0000,0.0000,-0.7124,0.7018,
0.4422,2.7561,0.0000,0.0000,0.0000,-0.7124,0.7017,
0.4421,2.7495,0.0000,0.0000,0.0000,-0.7124,0.7018,
0.4420,2.7428,0.0000,0.0000,0.0000,-0.7071,0.7071,
0.4420,2.7361,0.0000,0.0000,0.0000,-0.7124,0.7017,
0.4419,2.7295,0.0000,0.0000,0.0000,-0.7124,0.7018,
0.4418,2.7228,0.0000,0.0000,0.0000,-0.7124,0.7018,
0.4417,2.7161,0.0000,0.0000,0.0000,-0.7124,0.7018,
0.4416,2.7094,0.0000,0.0000,0.0000,-0.7124,0.7017,
0.4415,2.7028,0.0000,0.0000,0.0000,-0.7071,0.7071,
0.4415,2.6961,0.0000,0.0000,0.0000,-0.7124,0.7018,
0.4414,2.6894,0.0000,0.0000,0.0000,-0.7124,0.7018,
0.4413,2.6827,0.0000,0.0000,0.0000,-0.7124,0.7017,
0.4412,2.6761,0.0000,0.0000,0.0000,-0.7124,0.7018,
0.4411,2.6694,0.0000,0.0000,0.0000,-0.7124,0.7018,
0.4410,2.6627,0.0000,0.0000,0.0000,-0.7071,0.7071,
0.4410,2.6561,0.0000,0.0000,0.0000,-0.7124,0.7018,
0.4409,2.6494,0.0000,0.0000,0.0000,-0.7124,0.7018,
0.4408,2.6427,0.0000,0.0000,0.0000,-0.7124,0.7018,
0.4407,2.6360,0.0000,0.0000,0.0000,-0.7124,0.7017,
0.4406,2.6294,0.0000,0.0000,0.0000,-0.7124,0.7018,
0.4405,2.6227,0.0000,0.0000,0.0000,-0.7071,0.7071,
0.4405,2.6160,0.0000,0.0000,0.0000,-0.7124,0.7018,
0.4404,2.6093,0.0000,0.0000,0.0000,-0.7124,0.7017,
0.4403,2.6027,0.0000,0.0000,0.0000,-0.7124,0.7018,
0.4402,2.5960,0.0000,0.0000,0.0000,-0.7124,0.7018,
0.4401,2.5893,0.0000,0.0000,0.0000,-0.7124,0.7017,
0.4400,2.5827,0.0000,0.0000,0.0000,-0.7124,0.7018,
0.4399,2.5760,0.0000,0.0000,0.0000,-0.7071,0.7071,
0.4399,2.5693,0.0000,0.0000,0.0000,-0.7124,0.7018,
0.4398,2.5626,0.0000,0.0000,0.0000,-0.7124,0.7017,
0.4397,2.5560,0.0000,0.0000,0.0000,-0.7124,0.7018,
0.4396,2.5493,0.0000,0.0000,0.0000,-0.7124,0.7018,
0.4395,2.5426,0.0000,0.0000,0.0000,-0.7124,0.7018,
0.4394,2.5359,0.0000,0.0000,0.0000,-0.7071,0.7071,
0.4394,2.5293,0.0000,0.0000,0.0000,-0.7124,0.7018,
0.4393,2.5226,0.0000,0.0000,0.0000,-0.7124,0.7018,
0.4392,2.5159,0.0000,0.0000,0.0000,-0.7124,0.7017,
0.4391,2.5093,0.0000,0.0000,0.0000,-0.7124,0.7018,
0.4390,2.5026,0.0000,0.0000,0.0000,-0.7124,0.7018,
0.4389,2.4959,0.0000,0.0000,0.0000,-0.7071,0.7071,
0.4389,2.4892,0.0000,0.0000,0.0000,-0.7124,0.7017,
0.4388,2.4826,0.0000,0.0000,0.0000,-0.7124,0.7018,
0.4387,2.4759,0.0000,0.0000,0.0000,-0.7124,0.7018,
0.4386,2.4692,0.0000,0.0000,0.0000,-0.7124,0.7018,
0.4385,2.4625,0.0000,0.0000,0.0000,-0.7124,0.7017,
0.4384,2.4559,0.0000,0.0000,0.0000,-0.7071,0.7071,
0.4384,2.4492,0.0000,0.0000,0.0000,-0.7124,0.7018,
0.4383,2.4425,0.0000,0.0000,0.0000,-0.7124,0.7017,
0.4382,2.4359,0.0000,0.0000,0.0000,-0.7124,0.7018,
0.4381,2.4292,0.0000,0.0000,0.0000,-0.7124,0.7018,
0.4380,2.4225,0.0000,0.0000,0.0000,-0.7124,0.7018,
0.4379,2.4158,0.0000,0.0000,0.0000,-0.7071,0.7071,
0.4379,2.4092,0.0000,0.0000,0.0000,-0.7124,0.7018,
0.4378,2.4025,0.0000,0.0000,0.0000,-0.7124,0.7018,
0.4377,2.3958,0.0000,0.0000,0.0000,-0.7124,0.7018,
0.4376,2.3891,0.0000,0.0000,0.0000,-0.7124,0.7017,
0.4375,2.3825,0.0000,0.0000,0.0000,-0.7124,0.7018,
0.4374,2.3758,0.0000,0.0000,0.0000,-0.7071,0.7071,
0.4374,2.3691,0.0000,0.0000,0.0000,-0.7124,0.7017,
0.4373,2.3625,0.0000,0.0000,0.0000,-0.7124,0.7018,
0.4372,2.3558,0.0000,0.0000,0.0000,-0.7124,0.7018,
0.4371,2.3491,0.0000,0.0000,0.0000,-0.7124,0.7018,
0.4370,2.3424,0.0000,0.0000,0.0000,-0.7124,0.7017,
0.4369,2.3358,0.0000,0.0000,0.0000,-0.7071,0.7071,
0.4369,2.3291,0.0000,0.0000,0.0000,-0.7124,0.7018,
0.4368,2.3224,0.0000,0.0000,0.0000,-0.7124,0.7018,
0.4367,2.3157,0.0000,0.0000,0.0000,-0.7124,0.7017,
0.4366,2.3091,0.0000,0.0000,0.0000,-0.7124,0.7018,
0.4365,2.3024,0.0000,0.0000,0.0000,-0.7124,0.7018,
0.4364,2.2957,0.0000,0.0000,0.0000,-0.7071,0.7071,
0.4364,2.2891,0.0000,0.0000,0.0000,-0.7124,0.7018,
0.4363,2.2824,0.0000,0.0000,0.0000,-0.7124,0.7018,
0.4362,2.2757,0.0000,0.0000,0.0000,-0.7124,0.7018,
0.4361,2.2690,0.0000,0.0000,0.0000,-0.7124,0.7017,
0.4360,2.2624,0.0000,0.0000,0.0000,-0.7124,0.7018,
0.4359,2.2557,0.0000,0.0000,0.0000,-0.7071,0.7071,
0.4359,2.2490,0.0000,0.0000,0.0000,-0.7124,0.7018,
0.4358,2.2423,0.0000,0.0000,0.0000,-0.7124,0.7017,
0.4357,2.2357,0.0000,0.0000,0.0000,-0.7124,0.7018,
0.4356,2.2290,0.0000,0.0000,0.0000,-0.7124,0.7018,
0.4355,2.2223,0.0000,0.0000,0.0000,-0.7124,0.7017,
0.4354,2.2157,0.0000,0.0000,0.0000,-0.7071,0.7071,
0.4354,2.2090,0.0000,0.0000,0.0000,-0.7124,0.7018,
0.4353,2.2023,0.0000,0.0000,0.0000,-0.7124,0.7018,
0.4352,2.1956,0.0000,0.0000,0.0000,-0.7124,0.7017,
0.4351,2.1890,0.0000,0.0000,0.0000,-0.7124,0.7018,
0.4350,2.1823,0.0000,0.0000,0.0000,-0.7124,0.7018,
0.4349,2.1756,0.0000,0.0000,0.0000,-0.7071,0.7071,
0.4349,2.1689,0.0000,0.0000,0.0000,-0.7124,0.7017,
0.4348,2.1623,0.0000,0.0000,0.0000,-0.7124,0.7018,
0.4347,2.1556,0.0000,0.0000,0.0000,-0.7124,0.7018,
0.4346,2.1489,0.0000,0.0000,0.0000,-0.7124,0.7017,
0.4345,2.1423,0.0000,0.0000,0.0000,-0.7124,0.7018,
0.4344,2.1356,0.0000,0.0000,0.0000,-0.7071,0.7071,
0.4344,2.1289,0.0000,0.0000,0.0000,-0.7124,0.7018,
0.4343,2.1222,0.0000,0.0000,0.0000,-0.7124,0.7017,
0.4342,2.1156,0.0000,0.0000,0.0000,-0.7124,0.7018,
0.4341,2.1089,0.0000,0.0000,0.0000,-0.7124,0.7018,
0.4340,2.1022,0.0000,0.0000,0.0000,-0.7124,0.7018,
0.4339,2.0955,0.0000,0.0000,0.0000,-0.7071,0.7071,
0.4339,2.0889,0.0000,0.0000,0.0000,-0.7124,0.7018,
0.4338,2.0822,0.0000,0.0000,0.0000,-0.7124,0.7018,
0.4337,2.0755,0.0000,0.0000,0.0000,-0.7124,0.7017,
0.4336,2.0689,0.0000,0.0000,0.0000,-0.7124,0.7018,
0.4335,2.0622,0.0000,0.0000,0.0000,-0.7124,0.7018,
0.4334,2.0555,0.0000,0.0000,0.0000,-0.7071,0.7071,
0.4334,2.0488,0.0000,0.0000,0.0000,-0.7124,0.7017,
0.4333,2.0422,0.0000,0.0000,0.0000,-0.7124,0.7018,
0.4332,2.0355,0.0000,0.0000,0.0000,-0.7124,0.7018,
0.4331,2.0288,0.0000,0.0000,0.0000,-0.7124,0.7018,
0.4330,2.0221,0.0000,0.0000,0.0000,-0.7124,0.7017,
0.4329,2.0155,0.0000,0.0000,0.0000,-0.7071,0.7071,
0.4329,2.0088,0.0000,0.0000,0.0000,-0.7124,0.7018,
0.4328,2.0021,0.0000,0.0000,0.0000,-0.7124,0.7017,
0.4327,1.9955,0.0000,0.0000,0.0000,-0.7124,0.7018,
0.4326,1.9888,0.0000,0.0000,0.0000,-0.7124,0.7018,
0.4325,1.9821,0.0000,0.0000,0.0000,-0.7124,0.7018,
0.4324,1.9754,0.0000,0.0000,0.0000,-0.7124,0.7017,
0.4323,1.9688,0.0000,0.0000,0.0000,-0.7071,0.7071,
0.4323,1.9621,0.0000,0.0000,0.0000,-0.7124,0.7018,
0.4322,1.9554,0.0000,0.0000,0.0000,-0.7124,0.7018,
0.4321,1.9487,0.0000,0.0000,0.0000,-0.7124,0.7017,
0.4320,1.9421,0.0000,0.0000,0.0000,-0.7124,0.7018,
0.4319,1.9354,0.0000,0.0000,0.0000,-0.7124,0.7018,
0.4318,1.9287,0.0000,0.0000,0.0000,-0.7071,0.7071,
0.4318,1.9221,0.0000,0.0000,0.0000,-0.7124,0.7018,
0.4317,1.9154,0.0000,0.0000,0.0000,-0.7124,0.7018,
0.4316,1.9087,0.0000,0.0000,0.0000,-0.7124,0.7018,
0.4315,1.9020,0.0000,0.0000,0.0000,-0.7124,0.7017,
0.4314,1.8954,0.0000,0.0000,0.0000,-0.7124,0.7018,
0.4313,1.8887,0.0000,0.0000,0.0000,-0.7071,0.7071,
0.4313,1.8820,0.0000,0.0000,0.0000,-0.7124,0.7018,
0.4312,1.8753,0.0000,0.0000,0.0000,-0.7124,0.7017,
0.4311,1.8687,0.0000,0.0000,0.0000,-0.7124,0.7018,
0.4310,1.8620,0.0000,0.0000,0.0000,-0.7124,0.7018,
0.4309,1.8553,0.0000,0.0000,0.0000,-0.7124,0.7017,
0.4308,1.8487,0.0000,0.0000,0.0000,-0.7071,0.7071,
0.4308,1.8420,0.0000,0.0000,0.0000,-0.7124,0.7018,
0.4307,1.8353,0.0000,0.0000,0.0000,-0.7124,0.7018,
0.4306,1.8286,0.0000,0.0000,0.0000,-0.7124,0.7017,
0.4305,1.8220,0.0000,0.0000,0.0000,-0.7124,0.7018,
0.4304,1.8153,0.0000,0.0000,0.0000,-0.7124,0.7018,
0.4303,1.8086,0.0000,0.0000,0.0000,-0.7071,0.7071,
0.4303,1.8019,0.0000,0.0000,0.0000,-0.7124,0.7017,
0.4302,1.7953,0.0000,0.0000,0.0000,-0.7124,0.7018,
0.4301,1.7886,0.0000,0.0000,0.0000,-0.7124,0.7018,
0.4300,1.7819,0.0000,0.0000,0.0000,-0.7124,0.7017,
0.4299,1.7753,0.0000,0.0000,0.0000,-0.7124,0.7018,
0.4298,1.7686,0.0000,0.0000,0.0000,-0.7071,0.7071,
0.4298,1.7619,0.0000,0.0000,0.0000,-0.7124,0.7018,
0.4297,1.7552,0.0000,0.0000,0.0000,-0.7124,0.7017,
0.4296,1.7486,0.0000,0.0000,0.0000,-0.7124,0.7018,
0.4295,1.7419,0.0000,0.0000,0.0000,-0.7124,0.7018,
0.4294,1.7352,0.0000,0.0000,0.0000,-0.7124,0.7018,
0.4293,1.7285,0.0000,0.0000,0.0000,-0.7071,0.7071,
0.4293,1.7219,0.0000,0.0000,0.0000,-0.7124,0.7018,
0.4292,1.7152,0.0000,0.0000,0.0000,-0.7124,0.7018,
0.4291,1.7085,0.0000,0.0000,0.0000,-0.7124,0.7017,
0.4290,1.7019,0.0000,0.0000,0.0000,-0.7124,0.7018,
0.4289,1.6952,0.0000,0.0000,0.0000,-0.7124,0.7018,
0.4288,1.6885,0.0000,0.0000,0.0000,-0.7071,0.7071,
0.4288,1.6818,0.0000,0.0000,0.0000,-0.7124,0.7017,
0.4287,1.6752,0.0000,0.0000,0.0000,-0.7124,0.7018,
0.4286,1.6685,0.0000,0.0000,0.0000,-0.7124,0.7018,
0.4285,1.6618,0.0000,0.0000,0.0000,-0.7124,0.7018,
0.4284,1.6551,0.0000,0.0000,0.0000,-0.7124,0.7017,
0.4283,1.6485,0.0000,0.0000,0.0000,-0.7071,0.7071,
0.4283,1.6418,0.0000,0.0000,0.0000,-0.7124,0.7018,
0.4282,1.6351,0.0000,0.0000,0.0000,-0.7124,0.7017,
0.4281,1.6285,0.0000,0.0000,0.0000,-0.7124,0.7018,
