2.9975,1.5917,0.0000,0.0000,0.0000,-0.7018,0.7124,
2.9976,1.5850,0.0000,0.0000,0.0000,-0.7017,0.7124,
2.9977,1.5784,0.0000,0.0000,0.0000,-0.7071,0.7071,
2.9977,1.5717,0.0000,0.0000,0.0000,-0.7018,0.7124,
2.9978,1.5650,0.0000,0.0000,0.0000,-0.7018,0.7124,
2.9979,1.5583,0.0000,0.0000,0.0000,-0.7071,0.7071,
2.9979,1.5517,0.0000,0.0000,0.0000,-0.7018,0.7124,
2.9980,1.5450,0.0000,0.0000,0.0000,-0.7018,0.7124,
2.9981,1.5383,0.0000,0.0000,0.0000,-0.7017,0.7124,
2.9982,1.5317,0.0000,0.0000,0.0000,-0.7071,0.7071,
2.9982,1.5250,0.0000,0.0000,0.0000,-0.7018,0.7124,
2.9983,1.5183,0.0000,0.0000,0.0000,-0.7018,0.7124,
2.9984,1.5116,0.0000,0.0000,0.0000,-0.7071,0.7071,
2.9984,1.5050,0.0000,0.0000,0.0000,-0.7018,0.7124,
2.9985,1.4983,0.0000,0.0000,0.0000,-0.7018,0.7124,
2.9986,1.4916,0.0000,0.0000,0.0000,-0.7071,0.7071,
2.9986,1.4849,0.0000,0.0000,0.0000,-0.7017,0.7124,
2.9987,1.4783,0.0000,0.0000,0.0000,-0.7018,0.7124,
2.9988,1.4716,0.0000,0.0000,0.0000,-0.7071,0.7071,
2.9988,1.4649,0.0000,0.0000,0.0000,-0.7018,0.7124,
2.9989,1.4582,0.0000,0.0000,0.0000,-0.7017,0.7124,
2.9990,1.4516,0.0000,0.0000,0.0000,-0.7071,0.7071,
2.9990,1.4449,0.0000,0.0000,0.0000,-0.7018,0.7124,
2.9991,1.4382,0.0000,0.0000,0.0000,-0.7018,0.7124,
2.9992,1.4315,0.0000,0.0000,0.0000,-0.7071,0.7071,
2.9992,1.4249,0.0000,0.0000,0.0000,-0.7018,0.7124,
2.9993,1.4182,0.0000,0.0000,0.0000,-0.7018,0.7124,
2.9994,1.4115,0.0000,0.0000,0.0000,-0.7017,0.7124,
2.9995,1.4049,0.0000,0.0000,0.0000,-0.7071,0.7071,
2.9995,1.3982,0.0000,0.0000,0.0000,-0.7018,0.7124,
2.9996,1.3915,0.0000,0.0000,0.0000,-0.7018,0.7124,
2.9997,1.3848,0.0000,0.0000,0.0000,-0.7071,0.7071,
2.9997,1.3782,0.0000,0.0000,0.0000,-0.7018,0.7124,
2.9998,1.3715,0.0000,0.0000,0.0000,-0.7018,0.7124,
2.9999,1.3648,0.0000,0.0000,0.0000,-0.7071,0.7071,
2.9999,1.3581,0.0000,0.0000,0.0000,-0.7017,0.7124,
3.0000,1.3515,0.0000,0.0000,0.0000,-0.7018,0.7124,
3.0001,1.3448,0.0000,0.0000,0.0000,-0.7071,0.7071,
3.0001,1.3381,0.0000,0.0000,0.0000,-0.7018,0.7124,
3.0002,1.3314,0.0000,0.0000,0.0000,-0.7017,0.7124,
3.0003,1.3248,0.0000,0.0000,0.0000,-0.7071,0.7071,
3.0003,1.3181,0.0000,0.0000,0.0000,-0.7018,0.7124,
3.0004,1.3114,0.0000,0.0000,0.0000,-0.7017,0.7124,
3.0005,1.3048,0.0000,0.0000,0.0000,-0.7071,0.7071,
3.0005,1.2981,0.0000,0.0000,0.0000,-0.7018,0.7124,
3.0006,1.2914,0.0000,0.0000,0.0000,-0.7018,0.7124,
3.0007,1.2847,0.0000,0.0000,0.0000,-0.7017,0.7124,
3.0008,1.2781,0.0000,0.0000,0.0000,-0.7071,0.7071,
3.0008,1.2714,0.0000,0.0000,0.0000,-0.7018,0.7124,
3.0009,1.2647,0.0000,0.0000,0.0000,-0.7018,0.7124,
3.0010,1.2580,0.0000,0.0000,0.0000,-0.7071,0.7071,
3.0010,1.2514,0.0000,0.0000,0.0000,-0.7018,0.7124,
3.0011,1.2447,0.0000,0.0000,0.0000,-0.7018,0.7124,
3.0012,1.2380,0.0000,0.0000,0.0000,-0.7071,0.7071,
3.0012,1.2313,0.0000,0.0000,0.0000,-0.7017,0.7124,
3.0013,1.2247,0.0000,0.0000,0.0000,-0.7018,0.7124,
3.0014,1.2180,0.0000,0.0000,0.0000,-0.7071,0.7071,
3.0014,1.2113,0.0000,0.0000,0.0000,-0.7017,0.7124,
3.0015,1.2047,0.0000,0.0000,0.0000,-0.7018,0.7124,
3.0016,1.1980,0.0000,0.0000,0.0000,-0.7071,0.7071,
3.0016,1.1913,0.0000,0.0000,0.0000,-0.7018,0.7124,
3.0017,1.1846,0.0000,0.0000,0.0000,-0.7017,0.7124,
3.0018,1.1780,0.0000,0.0000,0.0000,-0.7071,0.7071,
3.0018,1.1713,0.0000,0.0000,0.0000,-0.7018,0.7124,
3.0019,1.1646,0.0000,0.0000,0.0000,-0.7018,0.7124,
3.0020,1.1579,0.0000,0.0000,0.0000,-0.7017,0.7124,
3.0021,1.1513,0.0000,0.0000,0.0000,-0.7071,0.7071,
3.0021,1.1446,0.0000,0.0000,0.0000,-0.7018,0.7124,
3.0022,1.1379,0.0000,0.0000,0.0000,-0.7018,0.7124,
3.0023,1.1312,0.0000,0.0000,0.0000,-0.7071,0.7071,
3.0023,1.1246,0.0000,0.0000,0.0000,-0.7018,0.7124,
3.0024,1.1179,0.0000,0.0000,0.0000,-0.7018,0.7124,
3.0025,1.1112,0.0000,0.0000,0.0000,-0.7071,0.7071,
3.0025,1.1046,0.0000,0.0000,0.0000,-0.7018,0.7124,
3.0026,1.0979,0.0000,0.0000,0.0000,-0.7018,0.7124,
3.0027,1.0912,0.0000,0.0000,0.0000,-0.7071,0.7071,
