3.0008,1.0655,0.0000,0.0000,0.0000,-0.7019,0.7123,
3.0009,1.0587,0.0000,0.0000,0.0000,-0.7071,0.7071,
3.0009,1.0519,0.0000,0.0000,0.0000,-0.7071,0.7071,
3.0009,1.0451,0.0000,0.0000,0.0000,-0.7071,0.7071,
3.0009,1.0383,0.0000,0.0000,0.0000,-0.7071,0.7071,
3.0009,1.0316,0.0000,0.0000,0.0000,-0.7071,0.7071,
3.0009,1.0248,0.0000,0.0000,0.0000,-0.7019,0.7123,
3.0010,1.0180,0.0000,0.0000,0.0000,-0.7071,0.7071,
3.0010,1.0112,0.0000,0.0000,0.0000,-0.7071,0.7071,
3.0010,1.0045,0.0000,0.0000,0.0000,-0.7071,0.7071,
3.0010,0.9977,0.0000,0.0000,0.0000,-0.7071,0.7071,
3.0010,0.9909,0.0000,0.0000,0.0000,-0.7019,0.7123,
3.0011,0.9841,0.0000,0.0000,0.0000,-0.7071,0.7071,
3.0011,0.9774,0.0000,0.0000,0.0000,-0.7071,0.7071,
3.0011,0.9706,0.0000,0.0000,0.0000,-0.7071,0.7071,
3.0011,0.9638,0.0000,0.0000,0.0000,-0.7071,0.7071,
3.0011,0.9570,0.0000,0.0000,0.0000,-0.7019,0.7123,
3.0012,0.9502,0.0000,0.0000,0.0000,-0.7071,0.7071,
3.0012,0.9435,0.0000,0.0000,0.0000,-0.7071,0.7071,
3.0012,0.9367,0.0000,0.0000,0.0000,-0.7071,0.7071,
3.0012,0.9299,0.0000,0.0000,0.0000,-0.7071,0.7071,
3.0012,0.9231,0.0000,0.0000,0.0000,-0.7018,0.7124,
3.0013,0.9164,0.0000,0.0000,0.0000,-0.7071,0.7071,
3.0013,0.9096,0.0000,0.0000,0.0000,-0.7071,0.7071,
3.0013,0.9028,0.0000,0.0000,0.0000,-0.7071,0.7071,
3.0013,0.8960,0.0000,0.0000,0.0000,-0.7071,0.7071,
3.0013,0.8892,0.0000,0.0000,0.0000,-0.7071,0.7071,
3.0013,0.8825,0.0000,0.0000,0.0000,-0.7019,0.7123,
3.0014,0.8757,0.0000,0.0000,0.0000,-0.7071,0.7071,
3.0014,0.8689,0.0000,0.0000,0.0000,-0.7071,0.7071,
3.0014,0.8621,0.0000,0.0000,0.0000,-0.7071,0.7071,
3.0014,0.8554,0.0000,0.0000,0.0000,-0.7071,0.7071,
3.0014,0.8486,0.0000,0.0000,0.0000,-0.7019,0.7123,
3.0015,0.8418,0.0000,0.0000,0.0000,-0.7071,0.7071,
3.0015,0.8350,0.0000,0.0000,0.0000,-0.7071,0.7071,
3.0015,0.8282,0.0000,0.0000,0.0000,-0.7071,0.7071,
3.0015,0.8215,0.0000,0.0000,0.0000,-0.7071,0.7071,
3.0015,0.8147,0.0000,0.0000,0.0000,-0.7019,0.7123,
3.0016,0.8079,0.0000,0.0000,0.0000,-0.7071,0.7071,
3.0016,0.8011,0.0000,0.0000,0.0000,-0.7071,0.7071,
3.0016,0.7944,0.0000,0.0000,0.0000,-0.7071,0.7071,
3.0016,0.7876,0.0000,0.0000,0.0000,-0.7071,0.7071,
3.0016,0.7808,0.0000,0.0000,0.0000,-0.7019,0.7123,
3.0017,0.7740,0.0000,0.0000,0.0000,-0.7071,0.7071,
3.0017,0.7673,0.0000,0.0000,0.0000,-0.6781,0.7349,
3.0023,0.7603,0.0000,0.0000,0.0000,-0.6781,0.7349,
3.0028,0.7534,0.0000,0.0000,0.0000,-0.6781,0.7349,
3.0034,0.7464,0.0000,0.0000,0.0000,-0.6781,0.7349,
3.0039,0.7395,0.0000,0.0000,0.0000,-0.6781,0.7349,
3.0045,0.7325,0.0000,0.0000,0.0000,-0.6781,0.7349,
3.0051,0.7256,0.0000,0.0000,0.0000,-0.6781,0.7349,
3.0056,0.7186,0.0000,0.0000,0.0000,-0.6781,0.7349,
3.0062,0.7117,0.0000,0.0000,0.0000,-0.6781,0.7349,
3.0067,0.7047,0.0000,0.0000,0.0000,-0.6781,0.7349,
3.0073,0.6977,0.0000,0.0000,0.0000,-0.6781,0.7349,
3.0079,0.6908,0.0000,0.0000,0.0000,-0.6781,0.7349,
3.0084,0.6838,0.0000,0.0000,0.0000,-0.6781,0.7349,
3.0095,0.6699,0.0000,0.0000,0.0000,-0.5872,0.8094,
3.0116,0.6635,0.0000,0.0000,0.0000,-0.5872,0.8094,
3.0137,0.6571,0.0000,0.0000,0.0000,-0.5872,0.8094,
3.0158,0.6507,0.0000,0.0000,0.0000,-0.5872,0.8094,
3.0179,0.6442,0.0000,0.0000,0.0000,-0.5872,0.8094,
3.0200,0.6378,0.0000,0.0000,0.0000,-0.5872,0.8094,
3.0221,0.6314,0.0000,0.0000,0.0000,-0.5872,0.8094,
3.0242,0.6250,0.0000,0.0000,0.0000,-0.5872,0.8094,
3.0263,0.6186,0.0000,0.0000,0.0000,-0.5872,0.8094,
3.0284,0.6121,0.0000,0.0000,0.0000,-0.5872,0.8094,
3.0305,0.6057,0.0000,0.0000,0.0000,-0.5872,0.8094,
3.0326,0.5993,0.0000,0.0000,0.0000,-0.5872,0.8094,
3.0347,0.5929,0.0000,0.0000,0.0000,-0.5872,0.8094,
3.0389,0.5800,0.0000,0.0000,0.0000,-0.4420,0.8970,
3.0430,0.5746,0.0000,0.0000,0.0000,-0.4420,0.8970,
3.0472,0.5692,0.0000,0.0000,0.0000,-0.4420,0.8970,
3.0514,0.5638,0.0000,0.0000,0.0000,-0.4420,0.8970,
3.0555,0.5584,0.0000,0.0000,0.0000,-0.4420,0.8970,
3.0597,0.5530,0.0000,0.0000,0.0000,-0.4420,0.8970,
3.0638,0.5476,0.0000,0.0000,0.0000,-0.4420,0.8970,
3.0680,0.5421,0.0000,0.0000,0.0000,-0.4420,0.8970,
3.0722,0.5367,0.0000,0.0000,0.0000,-0.4420,0.8970,
3.0763,0.5313,0.0000,0.0000,0.0000,-0.4420,0.8970,
3.0805,0.5259,0.0000,0.0000,0.0000,-0.4420,0.8970,
3.0888,0.5151,0.0000,0.0000,0.0000,-0.2110,0.9775,
3.0950,0.5123,0.0000,0.0000,0.0000,-0.2110,0.9775,
3.1011,0.5095,0.0000,0.0000,0.0000,-0.2110,0.9775,
3.1073,0.5067,0.0000,0.0000,0.0000,-0.2110,0.9775,
3.1134,0.5039,0.0000,0.0000,0.0000,-0.2110,0.9775,
3.1196,0.5011,0.0000,0.0000,0.0000,-0.2110,0.9775,
3.1257,0.4983,0.0000,0.0000,0.0000,-0.2110,0.9775,
3.1319,0.4955,0.0000,0.0000,0.0000,-0.2110,0.9775,
3.1381,0.4928,0.0000,0.0000,0.0000,-0.2110,0.9775,
3.1442,0.4900,0.0000,0.0000,0.0000,-0.2110,0.9775,
3.1504,0.4872,0.0000,0.0000,0.0000,-0.2110,0.9775,
3.1565,0.4844,0.0000,0.0000,0.0000,-0.2110,0.9775,
3.1627,0.4816,0.0000,0.0000,0.0000,-0.2110,0.9775,
3.1688,0.4788,0.0000,0.0000,0.0000,-0.2110,0.9775,
3.1750,0.4760,0.0000,0.0000,0.0000,-0.2110,0.9775,
3.1812,0.4732,0.0000,0.0000,0.0000,-0.2110,0.9775,
3.1873,0.4705,0.0000,0.0000,0.0000,-0.2110,0.9775,
3.1996,0.4649,0.0000,0.0000,0.0000,-0.1176,0.9931,
3.2064,0.4633,0.0000,0.0000,0.0000,-0.1176,0.9931,
3.2131,0.4616,0.0000,0.0000,0.0000,-0.1176,0.9931,
3.2198,0.4600,0.0000,0.0000,0.0000,-0.1176,0.9931,
3.2265,0.4584,0.0000,0.0000,0.0000,-0.1176,0.9931,
3.2333,0.4568,0.0000,0.0000,0.0000,-0.1176,0.9931,
3.2400,0.4552,0.0000,0.0000,0.0000,-0.1176,0.9931,
3.2467,0.4536,0.0000,0.0000,0.0000,-0.1176,0.9931,
3.2534,0.4520,0.0000,0.0000,0.0000,-0.1176,0.9931,
3.2602,0.4503,0.0000,0.0000,0.0000,-0.1176,0.9931,
3.2669,0.4487,0.0000,0.0000,0.0000,-0.1176,0.9931,
3.2736,0.4471,0.0000,0.0000,0.0000,-0.1176,0.9931,
3.2803,0.4455,0.0000,0.0000,0.0000,-0.1176,0.9931,
3.2871,0.4439,0.0000,0.0000,0.0000,-0.1176,0.9931,
3.2938,0.4423,0.0000,0.0000,0.0000,-0.1176,0.9931,
3.3005,0.4406,0.0000,0.0000,0.0000,-0.1176,0.9931,
3.3072,0.4390,0.0000,0.0000,0.0000,-0.1176,0.9931,
3.3140,0.4374,0.0000,0.0000,0.0000,-0.1176,0.9931,
3.3207,0.4358,0.0000,0.0000,0.0000,-0.1176,0.9931,
3.3274,0.4342,0.0000,0.0000,0.0000,-0.1176,0.9931,
3.3341,0.4326,0.0000,0.0000,0.0000,-0.1176,0.9931,
3.3476,0.4293,0.0000,0.0000,0.0000,-0.0332,0.9994,
3.3544,0.4289,0.0000,0.0000,0.0000,-0.0332,0.9994,
3.3612,0.4284,0.0000,0.0000,0.0000,-0.0332,0.9994,
3.3680,0.4280,0.0000,0.0000,0.0000,-0.0332,0.9994,
3.3748,0.4275,0.0000,0.0000,0.0000,-0.0332,0.9994,
3.3815,0.4271,0.0000,0.0000,0.0000,-0.0332,0.9994,
3.3883,0.4266,0.0000,0.0000,0.0000,-0.0332,0.9994,
3.3951,0.4262,0.0000,0.0000,0.0000,-0.0332,0.9994,
3.4019,0.4257,0.0000,0.0000,0.0000,-0.0332,0.9994,
3.4087,0.4253,0.0000,0.0000,0.0000,-0.0332,0.9994,
3.4155,0.4248,0.0000,0.0000,0.0000,-0.0332,0.9994,
3.4223,0.4244,0.0000,0.0000,0.0000,-0.0332,0.9994,
3.4291,0.4239,0.0000,0.0000,0.0000,-0.0332,0.9994,
3.4359,0.4235,0.0000,0.0000,0.0000,-0.0332,0.9994,
3.4427,0.4230,0.0000,0.0000,0.0000,-0.0332,0.9994,
3.4494,0.4226,0.0000,0.0000,0.0000,-0.0332,0.9994,
3.4562,0.4221,0.0000,0.0000,0.0000,-0.0332,0.9994,
3.4630,0.4217,0.0000,0.0000,0.0000,-0.0332,0.9994,
3.4698,0.4212,0.0000,0.0000,0.0000,-0.0332,0.9994,
3.4766,0.4208,0.0000,0.0000,0.0000,-0.0332,0.9994,
3.4834,0.4203,0.0000,0.0000,0.0000,-0.0332,0.9994,
3.4902,0.4199,0.0000,0.0000,0.0000,-0.0332,0.9994,
3.4970,0.4194,0.0000,0.0000,0.0000,-0.0332,0.9994,
3.5038,0.4189,0.0000,0.0000,0.0000,-0.0332,0.9994,
3.5106,0.4185,0.0000,0.0000,0.0000,-0.0332,0.9994,
3.5173,0.4180,0.0000,0.0000,0.0000,-0.0332,0.9994,
3.5241,0.4176,0.0000,0.0000,0.0000,-0.0332,0.9994,
3.5309,0.4171,0.0000,0.0000,0.0000,-0.0332,0.9994,
3.5377,0.4167,0.0000,0.0000,0.0000,-0.0332,0.9994,
3.5513,0.4158,0.0000,0.0000,0.0000,0.0116,0.9999,
3.5580,0.4159,0.0000,0.0000,0.0000,0.0116,0.9999,
3.5648,0.4161,0.0000,0.0000,0.0000,0.0116,0.9999,
3.5715,0.4163,0.0000,0.0000,0.0000,0.0116,0.9999,
3.5783,0.4164,0.0000,0.0000,0.0000,0.0116,0.9999,
3.5850,0.4166,0.0000,0.0000,0.0000,0.0116,0.9999,
3.5917,0.4167,0.0000,0.0000,0.0000,0.0116,0.9999,
3.5985,0.4169,0.0000,0.0000,0.0000,0.0116,0.9999,
3.6052,0.4170,0.0000,0.0000,0.0000,0.0116,0.9999,
3.6120,0.4172,0.0000,0.0000,0.0000,0.0116,0.9999,
3.6187,0.4173,0.0000,0.0000,0.0000,0.0116,0.9999,
3.6254,0.4175,0.0000,0.0000,0.0000,0.0116,0.9999,
3.6322,0.4177,0.0000,0.0000,0.0000,0.0116,0.9999,
3.6389,0.4178,0.0000,0.0000,0.0000,0.0116,0.9999,
3.6457,0.4180,0.0000,0.0000,0.0000,0.0116,0.9999,
3.6524,0.4181,0.0000,0.0000,0.0000,0.0116,0.9999,
3.6591,0.4183,0.0000,0.0000,0.0000,0.0116,0.9999,
3.6659,0.4184,0.0000,0.0000,0.0000,0.0116,0.9999,
3.6726,0.4186,0.0000,0.0000,0.0000,0.0116,0.9999,
3.6794,0.4187,0.0000,0.0000,0.0000,0.0116,0.9999,
3.6861,0.4189,0.0000,0.0000,0.0000,0.0116,0.9999,
3.6928,0.4191,0.0000,0.0000,0.0000,0.0116,0.9999,
3.6996,0.4192,0.0000,0.0000,0.0000,0.0116,0.9999,
3.7063,0.4194,0.0000,0.0000,0.0000,0.0116,0.9999,
3.7131,0.4195,0.0000,0.0000,0.0000,0.0116,0.9999,
3.7198,0.4197,0.0000,0.0000,0.0000,0.0116,0.9999,
3.7266,0.4198,0.0000,0.0000,0.0000,0.0116,0.9999,
3.7333,0.4200,0.0000,0.0000,0.0000,0.0116,0.9999,
3.7400,0.4202,0.0000,0.0000,0.0000,0.0116,0.9999,
3.7468,0.4203,0.0000,0.0000,0.0000,0.0116,0.9999,
