3.6986,2.3549,0.0000,0.0000,0.0000,1.0000,0.0000,
3.6918,2.3549,0.0000,0.0000,0.0000,1.0000,0.0000,
3.6851,2.3549,0.0000,0.0000,0.0000,1.0000,0.0000,
3.6783,2.3549,0.0000,0.0000,0.0000,1.0000,0.0000,
3.6716,2.3549,0.0000,0.0000,0.0000,1.0000,0.0000,
3.6648,2.3549,0.0000,0.0000,0.0000,1.0000,0.0000,
3.6581,2.3549,0.0000,0.0000,0.0000,1.0000,0.0000,
3.6514,2.3549,0.0000,0.0000,0.0000,1.0000,0.0000,
3.6446,2.3549,0.0000,0.0000,0.0000,1.0000,0.0000,
3.6379,2.3549,0.0000,0.0000,0.0000,1.0000,0.0000,
3.6311,2.3549,0.0000,0.0000,0.0000,1.0000,0.0000,
3.6244,2.3549,0.0000,0.0000,0.0000,1.0000,0.0000,
3.6176,2.3549,0.0000,0.0000,0.0000,1.0000,0.0075,
3.6109,2.3550,0.0000,0.0000,0.0000,1.0000,0.0000,
3.6041,2.3550,0.0000,0.0000,0.0000,1.0000,0.0000,
3.5974,2.3550,0.0000,0.0000,0.0000,1.0000,0.0000,
3.5906,2.3550,0.0000,0.0000,0.0000,1.0000,0.0000,
3.5839,2.3550,0.0000,0.0000,0.0000,1.0000,0.0000,
3.5771,2.3550,0.0000,0.0000,0.0000,1.0000,0.0000,
3.5704,2.3550,0.0000,0.0000,0.0000,1.0000,0.0000,
3.5636,2.3550,0.0000,0.0000,0.0000,1.0000,0.0000,
3.5569,2.3550,0.0000,0.0000,0.0000,1.0000,0.0000,
3.5501,2.3550,0.0000,0.0000,0.0000,1.0000,0.0000,
3.5434,2.3550,0.0000,0.0000,0.0000,1.0000,0.0000,
3.5366,2.3550,0.0000,0.0000,0.0000,1.0000,0.0000,
3.5299,2.3550,0.0000,0.0000,0.0000,1.0000,0.0000,
3.5232,2.3550,0.0000,0.0000,0.0000,1.0000,0.0000,
3.5164,2.3550,0.0000,0.0000,0.0000,1.0000,0.0000,
3.5097,2.3550,0.0000,0.0000,0.0000,1.0000,0.0000,
3.5029,2.3550,0.0000,0.0000,0.0000,1.0000,0.0000,
3.4962,2.3550,0.0000,0.0000,0.0000,1.0000,0.0000,
3.4894,2.3550,0.0000,0.0000,0.0000,1.0000,0.0000,
3.4827,2.3550,0.0000,0.0000,0.0000,1.0000,0.0000,
3.4759,2.3550,0.0000,0.0000,0.0000,1.0000,0.0000,
3.4692,2.3550,0.0000,0.0000,0.0000,1.0000,0.0000,
3.4624,2.3550,0.0000,0.0000,0.0000,1.0000,0.0000,
3.4557,2.3550,0.0000,0.0000,0.0000,1.0000,0.0000,
3.4489,2.3550,0.0000,0.0000,0.0000,1.0000,0.0000,
3.4422,2.3550,0.0000,0.0000,0.0000,1.0000,0.0000,
3.4354,2.3550,0.0000,0.0000,0.0000,1.0000,0.0000,
3.4287,2.3550,0.0000,0.0000,0.0000,1.0000,0.0000,
3.4219,2.3550,0.0000,0.0000,0.0000,1.0000,0.0000,
3.4152,2.3550,0.0000,0.0000,0.0000,1.0000,0.0037,
3.4017,2.3551,0.0000,0.0000,0.0000,-0.9863,0.1648,
3.3953,2.3529,0.0000,0.0000,0.0000,-0.9875,0.1579,
3.3889,2.3508,0.0000,0.0000,0.0000,-0.9875,0.1579,
3.3825,2.3487,0.0000,0.0000,0.0000,-0.9867,0.1625,
3.3760,2.3465,0.0000,0.0000,0.0000,-0.9875,0.1579,
3.3696,2.3444,0.0000,0.0000,0.0000,-0.9875,0.1579,
3.3632,2.3423,0.0000,0.0000,0.0000,-0.9875,0.1579,
3.3568,2.3402,0.0000,0.0000,0.0000,-0.9863,0.1648,
3.3504,2.3380,0.0000,0.0000,0.0000,-0.9875,0.1579,
3.3440,2.3359,0.0000,0.0000,0.0000,-0.9878,0.1556,
3.3375,2.3338,0.0000,0.0000,0.0000,-0.9869,0.1613,
3.3247,2.3295,0.0000,0.0000,0.0000,-0.9610,0.2764,
3.3188,2.3258,0.0000,0.0000,0.0000,-0.9594,0.2822,
3.3129,2.3220,0.0000,0.0000,0.0000,-0.9594,0.2822,
3.3070,2.3182,0.0000,0.0000,0.0000,-0.9610,0.2764,
3.3011,2.3145,0.0000,0.0000,0.0000,-0.9594,0.2822,
3.2952,2.3107,0.0000,0.0000,0.0000,-0.9594,0.2822,
3.2893,2.3069,0.0000,0.0000,0.0000,-0.9610,0.2764,
3.2834,2.3032,0.0000,0.0000,0.0000,-0.9594,0.2822,
3.2775,2.2994,0.0000,0.0000,0.0000,-0.9594,0.2822,
3.2716,2.2956,0.0000,0.0000,0.0000,-0.9610,0.2764,
3.2657,2.2919,0.0000,0.0000,0.0000,-0.9594,0.2822,
3.2598,2.2881,0.0000,0.0000,0.0000,-0.9607,0.2775,
3.2479,2.2806,0.0000,0.0000,0.0000,-0.9296,0.3686,
3.2428,2.2758,0.0000,0.0000,0.0000,-0.9296,0.3686,
3.2377,2.2710,0.0000,0.0000,0.0000,-0.9296,0.3686,
3.2326,2.2662,0.0000,0.0000,0.0000,-0.9296,0.3686,
3.2275,2.2614,0.0000,0.0000,0.0000,-0.9277,0.3734,
3.2224,2.2565,0.0000,0.0000,0.0000,-0.9296,0.3686,
3.2173,2.2517,0.0000,0.0000,0.0000,-0.9296,0.3686,
3.2122,2.2469,0.0000,0.0000,0.0000,-0.9296,0.3686,
3.2071,2.2421,0.0000,0.0000,0.0000,-0.9296,0.3686,
3.2020,2.2373,0.0000,0.0000,0.0000,-0.9296,0.3686,
3.1969,2.2325,0.0000,0.0000,0.0000,-0.9296,0.3686,
3.1918,2.2277,0.0000,0.0000,0.0000,-0.9296,0.3686,
3.1867,2.2229,0.0000,0.0000,0.0000,-0.9296,0.3686,
3.1765,2.2133,0.0000,0.0000,0.0000,-0.8938,0.4485,
3.1724,2.2078,0.0000,0.0000,0.0000,-0.8918,0.4524,
3.1683,2.2022,0.0000,0.0000,0.0000,-0.8964,0.4433,
3.1641,2.1967,0.0000,0.0000,0.0000,-0.8938,0.4485,
3.1600,2.1912,0.0000,0.0000,0.0000,-0.8964,0.4433,
3.1558,2.1857,0.0000,0.0000,0.0000,-0.8918,0.4524,
3.1517,2.1801,0.0000,0.0000,0.0000,-0.8938,0.4485,
3.1476,2.1746,0.0000,0.0000,0.0000,-0.8964,0.4433,
3.1434,2.1691,0.0000,0.0000,0.0000,-0.8938,0.4485,
3.1393,2.1636,0.0000,0.0000,0.0000,-0.8918,0.4524,
3.1352,2.1580,0.0000,0.0000,0.0000,-0.8964,0.4433,
3.1310,2.1525,0.0000,0.0000,0.0000,-0.8938,0.4485,
3.1269,2.1470,0.0000,0.0000,0.0000,-0.8964,0.4433,
3.1227,2.1415,0.0000,0.0000,0.0000,-0.8928,0.4505,
3.1145,2.1304,0.0000,0.0000,0.0000,-0.8557,0.5174,
3.1113,2.1243,0.0000,0.0000,0.0000,-0.8573,0.5149,
3.1080,2.1181,0.0000,0.0000,0.0000,-0.8540,0.5203,
3.1048,2.1119,0.0000,0.0000,0.0000,-0.8557,0.5174,
3.1016,2.1058,0.0000,0.0000,0.0000,-0.8540,0.5203,
3.0984,2.0996,0.0000,0.0000,0.0000,-0.8557,0.5174,
3.0952,2.0935,0.0000,0.0000,0.0000,-0.8573,0.5149,
3.0919,2.0873,0.0000,0.0000,0.0000,-0.8557,0.5174,
3.0887,2.0812,0.0000,0.0000,0.0000,-0.8540,0.5203,
3.0855,2.0750,0.0000,0.0000,0.0000,-0.8557,0.5174,
3.0823,2.0689,0.0000,0.0000,0.0000,-0.8540,0.5203,
3.0791,2.0627,0.0000,0.0000,0.0000,-0.8590,0.5119,
3.0758,2.0566,0.0000,0.0000,0.0000,-0.8540,0.5203,
3.0726,2.0504,0.0000,0.0000,0.0000,-0.8557,0.5174,
3.0694,2.0443,0.0000,0.0000,0.0000,-0.8549,0.5189,
3.0630,2.0320,0.0000,0.0000,0.0000,-0.8140,0.5809,
3.0608,2.0256,0.0000,0.0000,0.0000,-0.8154,0.5789,
3.0586,2.0193,0.0000,0.0000,0.0000,-0.8112,0.5847,
3.0565,2.0130,0.0000,0.0000,0.0000,-0.8140,0.5809,
3.0543,2.0066,0.0000,0.0000,0.0000,-0.8154,0.5789,
3.0521,2.0003,0.0000,0.0000,0.0000,-0.8112,0.5847,
3.0500,1.9940,0.0000,0.0000,0.0000,-0.8154,0.5789,
3.0478,1.9877,0.0000,0.0000,0.0000,-0.8099,0.5866,
3.0457,1.9813,0.0000,0.0000,0.0000,-0.8154,0.5789,
3.0435,1.9750,0.0000,0.0000,0.0000,-0.8154,0.5789,
3.0413,1.9687,0.0000,0.0000,0.0000,-0.8099,0.5866,
3.0392,1.9623,0.0000,0.0000,0.0000,-0.8154,0.5789,
3.0370,1.9560,0.0000,0.0000,0.0000,-0.8154,0.5789,
3.0348,1.9497,0.0000,0.0000,0.0000,-0.8112,0.5847,
3.0327,1.9434,0.0000,0.0000,0.0000,-0.8140,0.5809,
3.0305,1.9370,0.0000,0.0000,0.0000,-0.8154,0.5789,
3.0283,1.9307,0.0000,0.0000,0.0000,-0.8112,0.5847,
3.0262,1.9244,0.0000,0.0000,0.0000,-0.8140,0.5809,
3.0240,1.9180,0.0000,0.0000,0.0000,-0.8112,0.5847,
3.0219,1.9117,0.0000,0.0000,0.0000,-0.8154,0.5789,
3.0197,1.9054,0.0000,0.0000,0.0000,-0.8154,0.5789,
3.0175,1.8991,0.0000,0.0000,0.0000,-0.8126,0.5828,
3.0132,1.8864,0.0000,0.0000,0.0000,-0.7521,0.6591,
3.0123,1.8796,0.0000,0.0000,0.0000,-0.7479,0.6639,
3.0115,1.8729,0.0000,0.0000,0.0000,-0.7521,0.6591,
3.0106,1.8661,0.0000,0.0000,0.0000,-0.7473,0.6645,
3.0098,1.8593,0.0000,0.0000,0.0000,-0.7527,0.6584,
3.0089,1.8526,0.0000,0.0000,0.0000,-0.7473,0.6645,
3.0081,1.8458,0.0000,0.0000,0.0000,-0.7521,0.6591,
3.0072,1.8390,0.0000,0.0000,0.0000,-0.7473,0.6645,
3.0064,1.8322,0.0000,0.0000,0.0000,-0.7527,0.6584,
3.0055,1.8255,0.0000,0.0000,0.0000,-0.7473,0.6645,
3.0047,1.8187,0.0000,0.0000,0.0000,-0.7521,0.6591,
3.0038,1.8119,0.0000,0.0000,0.0000,-0.7479,0.6639,
3.0030,1.8052,0.0000,0.0000,0.0000,-0.7521,0.6591,
3.0021,1.7984,0.0000,0.0000,0.0000,-0.7473,0.6645,
3.0013,1.7916,0.0000,0.0000,0.0000,-0.7527,0.6584,
3.0004,1.7849,0.0000,0.0000,0.0000,-0.7473,0.6645,
2.9996,1.7781,0.0000,0.0000,0.0000,-0.7521,0.6591,
2.9987,1.7713,0.0000,0.0000,0.0000,-0.7521,0.6591,
2.9978,1.7645,0.0000,0.0000,0.0000,-0.7479,0.6639,
2.9970,1.7578,0.0000,0.0000,0.0000,-0.7521,0.6591,
2.9961,1.7510,0.0000,0.0000,0.0000,-0.7473,0.6645,
2.9953,1.7442,0.0000,0.0000,0.0000,-0.7500,0.6615,
2.9936,1.7307,0.0000,0.0000,0.0000,-0.7071,0.7071,
2.9936,1.7238,0.0000,0.0000,0.0000,-0.7071,0.7071,
2.9936,1.7170,0.0000,0.0000,0.0000,-0.7071,0.7071,
2.9936,1.7102,0.0000,0.0000,0.0000,-0.7071,0.7071,
2.9936,1.7033,0.0000,0.0000,0.0000,-0.7071,0.7071,
2.9936,1.6965,0.0000,0.0000,0.0000,-0.7122,0.7020,
2.9935,1.6896,0.0000,0.0000,0.0000,-0.7071,0.7071,
2.9935,1.6828,0.0000,0.0000,0.0000,-0.7071,0.7071,
2.9935,1.6759,0.0000,0.0000,0.0000,-0.7071,0.7071,
2.9935,1.6691,0.0000,0.0000,0.0000,-0.7071,0.7071,
2.9935,1.6622,0.0000,0.0000,0.0000,-0.7071,0.7071,
2.9935,1.6554,0.0000,0.0000,0.0000,-0.7071,0.7071,
2.9935,1.6485,0.0000,0.0000,0.0000,-0.7071,0.7071,
2.9935,1.6417,0.0000,0.0000,0.0000,-0.7071,0.7071,
2.9935,1.6348,0.0000,0.0000,0.0000,-0.7071,0.7071,
2.9935,1.6280,0.0000,0.0000,0.0000,-0.7071,0.7071,
2.9935,1.6211,0.0000,0.0000,0.0000,-0.7071,0.7071,
2.9935,1.6143,0.0000,0.0000,0.0000,-0.7071,0.7071,
