3.4362,2.6561,0.0000,0.0000,0.0000,1.0000,0.0000,
3.4294,2.6561,0.0000,0.0000,0.0000,-1.0000,0.0072,
3.4225,2.6560,0.0000,0.0000,0.0000,1.0000,0.0000,
3.4157,2.6560,0.0000,0.0000,0.0000,-1.0000,0.0074,
3.4089,2.6559,0.0000,0.0000,0.0000,1.0000,0.0000,
3.4021,2.6559,0.0000,0.0000,0.0000,-1.0000,0.0072,
3.3952,2.6558,0.0000,0.0000,0.0000,1.0000,0.0000,
3.3884,2.6558,0.0000,0.0000,0.0000,-1.0000,0.0074,
3.3816,2.6557,0.0000,0.0000,0.0000,1.0000,0.0000,
3.3748,2.6557,0.0000,0.0000,0.0000,-1.0000,0.0074,
3.3680,2.6556,0.0000,0.0000,0.0000,1.0000,0.0000,
3.3611,2.6556,0.0000,0.0000,0.0000,-1.0000,0.0074,
3.3543,2.6555,0.0000,0.0000,0.0000,1.0000,0.0000,
3.3475,2.6555,0.0000,0.0000,0.0000,1.0000,0.0000,
3.3407,2.6555,0.0000,0.0000,0.0000,-1.0000,0.0072,
3.3338,2.6554,0.0000,0.0000,0.0000,1.0000,0.0000,
3.3270,2.6554,0.0000,0.0000,0.0000,-1.0000,0.0074,
3.3202,2.6553,0.0000,0.0000,0.0000,1.0000,0.0000,
3.3134,2.6553,0.0000,0.0000,0.0000,-1.0000,0.0072,
3.3065,2.6552,0.0000,0.0000,0.0000,1.0000,0.0000,
3.2997,2.6552,0.0000,0.0000,0.0000,-1.0000,0.0074,
3.2929,2.6551,0.0000,0.0000,0.0000,1.0000,0.0000,
3.2861,2.6551,0.0000,0.0000,0.0000,-1.0000,0.0074,
3.2793,2.6550,0.0000,0.0000,0.0000,1.0000,0.0000,
3.2724,2.6550,0.0000,0.0000,0.0000,-1.0000,0.0074,
3.2656,2.6549,0.0000,0.0000,0.0000,1.0000,0.0000,
3.2588,2.6549,0.0000,0.0000,0.0000,-1.0000,0.0074,
3.2520,2.6548,0.0000,0.0000,0.0000,1.0000,0.0000,
3.2451,2.6548,0.0000,0.0000,0.0000,-1.0000,0.0074,
3.2383,2.6547,0.0000,0.0000,0.0000,1.0000,0.0000,
3.2315,2.6547,0.0000,0.0000,0.0000,-1.0000,0.0074,
3.2247,2.6546,0.0000,0.0000,0.0000,1.0000,0.0000,
3.2178,2.6546,0.0000,0.0000,0.0000,-1.0000,0.0074,
3.2110,2.6545,0.0000,0.0000,0.0000,1.0000,0.0000,
3.2042,2.6545,0.0000,0.0000,0.0000,-1.0000,0.0074,
3.1974,2.6544,0.0000,0.0000,0.0000,1.0000,0.0000,
3.1906,2.6544,0.0000,0.0000,0.0000,-1.0000,0.0072,
3.1837,2.6543,0.0000,0.0000,0.0000,1.0000,0.0000,
3.1769,2.6543,0.0000,0.0000,0.0000,-1.0000,0.0074,
3.1701,2.6542,0.0000,0.0000,0.0000,1.0000,0.0000,
3.1633,2.6542,0.0000,0.0000,0.0000,-1.0000,0.0036,
3.1496,2.6541,0.0000,0.0000,0.0000,-0.9925,0.1222,
3.1428,2.6524,0.0000,0.0000,0.0000,-0.9933,0.1153,
3.1360,2.6508,0.0000,0.0000,0.0000,-0.9933,0.1153,
3.1292,2.6492,0.0000,0.0000,0.0000,-0.9925,0.1222,
3.1224,2.6475,0.0000,0.0000,0.0000,-0.9933,0.1153,
3.1156,2.6459,0.0000,0.0000,0.0000,-0.9933,0.1153,
3.1088,2.6443,0.0000,0.0000,0.0000,-0.9925,0.1222,
3.1020,2.6426,0.0000,0.0000,0.0000,-0.9933,0.1153,
3.0952,2.6410,0.0000,0.0000,0.0000,-0.9929,0.1187,
3.0816,2.6377,0.0000,0.0000,0.0000,-0.9935,0.1137,
3.0747,2.6361,0.0000,0.0000,0.0000,-0.9927,0.1205,
3.0678,2.6344,0.0000,0.0000,0.0000,-0.9935,0.1137,
3.0609,2.6328,0.0000,0.0000,0.0000,-0.9927,0.1205,
3.0540,2.6311,0.0000,0.0000,0.0000,-0.9937,0.1121,
3.0470,2.6295,0.0000,0.0000,0.0000,-0.9935,0.1137,
3.0401,2.6279,0.0000,0.0000,0.0000,-0.9927,0.1205,
3.0332,2.6262,0.0000,0.0000,0.0000,-0.9935,0.1137,
3.0263,2.6246,0.0000,0.0000,0.0000,-0.9931,0.1171,
3.0125,2.6213,0.0000,0.0000,0.0000,-0.9659,0.2591,
3.0061,2.6176,0.0000,0.0000,0.0000,-0.9659,0.2591,
2.9997,2.6139,0.0000,0.0000,0.0000,-0.9659,0.2591,
2.9933,2.6102,0.0000,0.0000,0.0000,-0.9659,0.2591,
2.9869,2.6065,0.0000,0.0000,0.0000,-0.9659,0.2591,
2.9805,2.6028,0.0000,0.0000,0.0000,-0.9651,0.2619,
2.9677,2.5953,0.0000,0.0000,0.0000,-0.9316,0.3634,
2.9627,2.5907,0.0000,0.0000,0.0000,-0.9316,0.3634,
2.9577,2.5861,0.0000,0.0000,0.0000,-0.9334,0.3588,
2.9526,2.5815,0.0000,0.0000,0.0000,-0.9316,0.3634,
2.9476,2.5769,0.0000,0.0000,0.0000,-0.9297,0.3684,
2.9426,2.5722,0.0000,0.0000,0.0000,-0.9316,0.3634,
2.9376,2.5676,0.0000,0.0000,0.0000,-0.9316,0.3634,
2.9326,2.5630,0.0000,0.0000,0.0000,-0.9316,0.3634,
2.9276,2.5584,0.0000,0.0000,0.0000,-0.9315,0.3638,
2.9225,2.5537,0.0000,0.0000,0.0000,-0.9316,0.3634,
2.9175,2.5491,0.0000,0.0000,0.0000,-0.9316,0.3634,
2.9125,2.5445,0.0000,0.0000,0.0000,-0.9307,0.3659,
2.9025,2.5352,0.0000,0.0000,0.0000,-0.8573,0.5149,
2.8992,2.5290,0.0000,0.0000,0.0000,-0.8573,0.5149,
2.8959,2.5228,0.0000,0.0000,0.0000,-0.8540,0.5203,
2.8927,2.5166,0.0000,0.0000,0.0000,-0.8556,0.5177,
2.8894,2.5103,0.0000,0.0000,0.0000,-0.8540,0.5203,
2.8862,2.5041,0.0000,0.0000,0.0000,-0.8573,0.5149,
2.8829,2.4979,0.0000,0.0000,0.0000,-0.8573,0.5149,
2.8796,2.4917,0.0000,0.0000,0.0000,-0.8523,0.5230,
2.8764,2.4854,0.0000,0.0000,0.0000,-0.8573,0.5149,
2.8731,2.4792,0.0000,0.0000,0.0000,-0.8557,0.5176,
2.8666,2.4668,0.0000,0.0000,0.0000,-0.7990,0.6014,
2.8647,2.4602,0.0000,0.0000,0.0000,-0.7947,0.6070,
2.8629,2.4536,0.0000,0.0000,0.0000,-0.7947,0.6070,
2.8611,2.4470,0.0000,0.0000,0.0000,-0.8002,0.5998,
2.8592,2.4405,0.0000,0.0000,0.0000,-0.7947,0.6070,
2.8574,2.4339,0.0000,0.0000,0.0000,-0.7990,0.6014,
2.8555,2.4273,0.0000,0.0000,0.0000,-0.7959,0.6054,
2.8537,2.4208,0.0000,0.0000,0.0000,-0.7990,0.6014,
2.8518,2.4142,0.0000,0.0000,0.0000,-0.7947,0.6070,
2.8500,2.4076,0.0000,0.0000,0.0000,-0.7990,0.6014,
2.8481,2.4010,0.0000,0.0000,0.0000,-0.7959,0.6054,
2.8463,2.3945,0.0000,0.0000,0.0000,-0.7990,0.6014,
2.8444,2.3879,0.0000,0.0000,0.0000,-0.7947,0.6070,
2.8426,2.3813,0.0000,0.0000,0.0000,-0.7990,0.6014,
2.8407,2.3747,0.0000,0.0000,0.0000,-0.7959,0.6054,
2.8389,2.3682,0.0000,0.0000,0.0000,-0.7990,0.6014,
2.8370,2.3616,0.0000,0.0000,0.0000,-0.7947,0.6070,
2.8352,2.3550,0.0000,0.0000,0.0000,-0.7990,0.6014,
2.8333,2.3484,0.0000,0.0000,0.0000,-0.7959,0.6054,
2.8315,2.3419,0.0000,0.0000,0.0000,-0.7990,0.6014,
2.8296,2.3353,0.0000,0.0000,0.0000,-0.7947,0.6070,
2.8278,2.3287,0.0000,0.0000,0.0000,-0.7974,0.6034,
2.8241,2.3156,0.0000,0.0000,0.0000,-0.7575,0.6528,
2.8231,2.3089,0.0000,0.0000,0.0000,-0.7630,0.6464,
2.8220,2.3023,0.0000,0.0000,0.0000,-0.7582,0.6520,
2.8210,2.2957,0.0000,0.0000,0.0000,-0.7582,0.6520,
2.8200,2.2891,0.0000,0.0000,0.0000,-0.7582,0.6520,
2.8190,2.2825,0.0000,0.0000,0.0000,-0.7575,0.6528,
2.8180,2.2758,0.0000,0.0000,0.0000,-0.7582,0.6520,
2.8170,2.2692,0.0000,0.0000,0.0000,-0.7582,0.6520,
2.8160,2.2626,0.0000,0.0000,0.0000,-0.7582,0.6520,
2.8150,2.2560,0.0000,0.0000,0.0000,-0.7622,0.6473,
2.8139,2.2493,0.0000,0.0000,0.0000,-0.7582,0.6520,
2.8129,2.2427,0.0000,0.0000,0.0000,-0.7582,0.6520,
2.8119,2.2361,0.0000,0.0000,0.0000,-0.7582,0.6520,
2.8109,2.2295,0.0000,0.0000,0.0000,-0.7582,0.6520,
2.8099,2.2229,0.0000,0.0000,0.0000,-0.7579,0.6524,
2.8079,2.2096,0.0000,0.0000,0.0000,-0.7174,0.6966,
2.8077,2.2028,0.0000,0.0000,0.0000,-0.7176,0.6965,
2.8075,2.1961,0.0000,0.0000,0.0000,-0.7123,0.7019,
2.8074,2.1893,0.0000,0.0000,0.0000,-0.7174,0.6966,
2.8072,2.1825,0.0000,0.0000,0.0000,-0.7174,0.6966,
2.8070,2.1757,0.0000,0.0000,0.0000,-0.7176,0.6965,
2.8068,2.1690,0.0000,0.0000,0.0000,-0.7123,0.7019,
2.8067,2.1622,0.0000,0.0000,0.0000,-0.7174,0.6966,
2.8065,2.1554,0.0000,0.0000,0.0000,-0.7174,0.6966,
2.8063,2.1486,0.0000,0.0000,0.0000,-0.7124,0.7018,
2.8062,2.1419,0.0000,0.0000,0.0000,-0.7174,0.6966,
2.8060,2.1351,0.0000,0.0000,0.0000,-0.7174,0.6966,
2.8058,2.1283,0.0000,0.0000,0.0000,-0.7174,0.6966,
2.8056,2.1215,0.0000,0.0000,0.0000,-0.7124,0.7018,
2.8055,2.1148,0.0000,0.0000,0.0000,-0.7174,0.6966,
2.8053,2.1080,0.0000,0.0000,0.0000,-0.7174,0.6966,
2.8051,2.1012,0.0000,0.0000,0.0000,-0.7123,0.7019,
2.8050,2.0944,0.0000,0.0000,0.0000,-0.7176,0.6965,
2.8048,2.0877,0.0000,0.0000,0.0000,-0.7174,0.6966,
2.8046,2.0809,0.0000,0.0000,0.0000,-0.7174,0.6966,
2.8044,2.0741,0.0000,0.0000,0.0000,-0.7123,0.7019,
2.8043,2.0673,0.0000,0.0000,0.0000,-0.7176,0.6965,
2.8041,2.0606,0.0000,0.0000,0.0000,-0.7174,0.6966,
2.8039,2.0538,0.0000,0.0000,0.0000,-0.7123,0.7019,
2.8038,2.0470,0.0000,0.0000,0.0000,-0.7174,0.6966,
2.8036,2.0402,0.0000,0.0000,0.0000,-0.7176,0.6965,
2.8034,2.0335,0.0000,0.0000,0.0000,-0.7174,0.6966,
2.8032,2.0267,0.0000,0.0000,0.0000,-0.7123,0.7019,
2.8031,2.0199,0.0000,0.0000,0.0000,-0.7174,0.6966,
2.8029,2.0131,0.0000,0.0000,0.0000,-0.7176,0.6965,
2.8027,2.0064,0.0000,0.0000,0.0000,-0.7174,0.6966,
2.8025,1.9996,0.0000,0.0000,0.0000,-0.7123,0.7019,
2.8024,1.9928,0.0000,0.0000,0.0000,-0.7174,0.6966,
2.8022,1.9860,0.0000,0.0000,0.0000,-0.7176,0.6965,
2.8020,1.9793,0.0000,0.0000,0.0000,-0.7123,0.7019,
