3.4522,3.8894,0.0000,0.0000,0.0000,-1.0000,0.0075,
3.4455,3.8893,0.0000,0.0000,0.0000,1.0000,0.0000,
3.4387,3.8893,0.0000,0.0000,0.0000,-1.0000,0.0075,
3.4320,3.8892,0.0000,0.0000,0.0000,-1.0000,0.0075,
3.4253,3.8891,0.0000,0.0000,0.0000,-1.0000,0.0075,
3.4186,3.8890,0.0000,0.0000,0.0000,1.0000,0.0000,
3.4119,3.8890,0.0000,0.0000,0.0000,-1.0000,0.0075,
3.4052,3.8889,0.0000,0.0000,0.0000,-1.0000,0.0075,
3.3985,3.8888,0.0000,0.0000,0.0000,1.0000,0.0000,
3.3918,3.8888,0.0000,0.0000,0.0000,-1.0000,0.0075,
3.3851,3.8887,0.0000,0.0000,0.0000,-1.0000,0.0075,
3.3784,3.8886,0.0000,0.0000,0.0000,-1.0000,0.0075,
3.3717,3.8885,0.0000,0.0000,0.0000,1.0000,0.0000,
3.3650,3.8885,0.0000,0.0000,0.0000,-1.0000,0.0075,
3.3583,3.8884,0.0000,0.0000,0.0000,-1.0000,0.0075,
3.3516,3.8883,0.0000,0.0000,0.0000,-1.0000,0.0075,
3.3449,3.8882,0.0000,0.0000,0.0000,1.0000,0.0000,
3.3382,3.8882,0.0000,0.0000,0.0000,-1.0000,0.0075,
3.3315,3.8881,0.0000,0.0000,0.0000,-1.0000,0.0075,
3.3248,3.8880,0.0000,0.0000,0.0000,1.0000,0.0000,
3.3181,3.8880,0.0000,0.0000,0.0000,-1.0000,0.0075,
3.3114,3.8879,0.0000,0.0000,0.0000,-1.0000,0.0075,
3.3047,3.8878,0.0000,0.0000,0.0000,-1.0000,0.0075,
3.2980,3.8877,0.0000,0.0000,0.0000,1.0000,0.0000,
3.2913,3.8877,0.0000,0.0000,0.0000,-1.0000,0.0075,
3.2846,3.8876,0.0000,0.0000,0.0000,-1.0000,0.0075,
3.2779,3.8875,0.0000,0.0000,0.0000,-1.0000,0.0075,
3.2712,3.8874,0.0000,0.0000,0.0000,1.0000,0.0000,
3.2645,3.8874,0.0000,0.0000,0.0000,-1.0000,0.0075,
3.2578,3.8873,0.0000,0.0000,0.0000,-1.0000,0.0075,
3.2511,3.8872,0.0000,0.0000,0.0000,1.0000,0.0000,
3.2443,3.8872,0.0000,0.0000,0.0000,-1.0000,0.0075,
3.2376,3.8871,0.0000,0.0000,0.0000,-1.0000,0.0075,
3.2309,3.8870,0.0000,0.0000,0.0000,-1.0000,0.0075,
3.2242,3.8869,0.0000,0.0000,0.0000,1.0000,0.0000,
3.2175,3.8869,0.0000,0.0000,0.0000,-1.0000,0.0075,
3.2108,3.8868,0.0000,0.0000,0.0000,-1.0000,0.0075,
3.2041,3.8867,0.0000,0.0000,0.0000,-1.0000,0.0075,
3.1974,3.8866,0.0000,0.0000,0.0000,1.0000,0.0000,
3.1907,3.8866,0.0000,0.0000,0.0000,-1.0000,0.0075,
3.1840,3.8865,0.0000,0.0000,0.0000,-1.0000,0.0075,
3.1773,3.8864,0.0000,0.0000,0.0000,1.0000,0.0000,
3.1706,3.8864,0.0000,0.0000,0.0000,-1.0000,0.0075,
3.1639,3.8863,0.0000,0.0000,0.0000,-1.0000,0.0075,
3.1572,3.8862,0.0000,0.0000,0.0000,-1.0000,0.0075,
3.1505,3.8861,0.0000,0.0000,0.0000,1.0000,0.0000,
3.1438,3.8861,0.0000,0.0000,0.0000,-1.0000,0.0075,
3.1371,3.8860,0.0000,0.0000,0.0000,-1.0000,0.0075,
3.1304,3.8859,0.0000,0.0000,0.0000,-1.0000,0.0075,
3.1237,3.8858,0.0000,0.0000,0.0000,1.0000,0.0000,
3.1170,3.8858,0.0000,0.0000,0.0000,-1.0000,0.0075,
3.1103,3.8857,0.0000,0.0000,0.0000,-1.0000,0.0075,
3.1036,3.8856,0.0000,0.0000,0.0000,1.0000,0.0000,
3.0969,3.8856,0.0000,0.0000,0.0000,-1.0000,0.0075,
3.0902,3.8855,0.0000,0.0000,0.0000,-1.0000,0.0075,
3.0835,3.8854,0.0000,0.0000,0.0000,-1.0000,0.0075,
3.0768,3.8853,0.0000,0.0000,0.0000,-1.0000,0.0037,
3.0634,3.8852,0.0000,0.0000,0.0000,-0.9835,0.1810,
3.0571,3.8828,0.0000,0.0000,0.0000,-0.9835,0.1810,
3.0508,3.8804,0.0000,0.0000,0.0000,-0.9830,0.1836,
3.0446,3.8780,0.0000,0.0000,0.0000,-0.9835,0.1810,
3.0383,3.8756,0.0000,0.0000,0.0000,-0.9830,0.1836,
3.0321,3.8732,0.0000,0.0000,0.0000,-0.9847,0.1741,
3.0258,3.8709,0.0000,0.0000,0.0000,-0.9830,0.1836,
3.0196,3.8685,0.0000,0.0000,0.0000,-0.9835,0.1810,
3.0133,3.8661,0.0000,0.0000,0.0000,-0.9830,0.1836,
3.0071,3.8637,0.0000,0.0000,0.0000,-0.9835,0.1810,
3.0008,3.8613,0.0000,0.0000,0.0000,-0.9832,0.1823,
2.9883,3.8565,0.0000,0.0000,0.0000,-0.9440,0.3299,
2.9829,3.8522,0.0000,0.0000,0.0000,-0.9421,0.3352,
2.9775,3.8478,0.0000,0.0000,0.0000,-0.9440,0.3299,
2.9721,3.8435,0.0000,0.0000,0.0000,-0.9421,0.3352,
2.9667,3.8391,0.0000,0.0000,0.0000,-0.9440,0.3299,
2.9613,3.8348,0.0000,0.0000,0.0000,-0.9455,0.3257,
2.9558,3.8305,0.0000,0.0000,0.0000,-0.9421,0.3352,
2.9504,3.8261,0.0000,0.0000,0.0000,-0.9440,0.3299,
2.9450,3.8218,0.0000,0.0000,0.0000,-0.9421,0.3352,
2.9396,3.8174,0.0000,0.0000,0.0000,-0.9440,0.3299,
2.9342,3.8131,0.0000,0.0000,0.0000,-0.9440,0.3299,
2.9288,3.8088,0.0000,0.0000,0.0000,-0.9421,0.3352,
2.9234,3.8044,0.0000,0.0000,0.0000,-0.9440,0.3299,
2.9180,3.8001,0.0000,0.0000,0.0000,-0.9436,0.3310,
2.9125,3.7957,0.0000,0.0000,0.0000,-0.9440,0.3299,
2.9071,3.7914,0.0000,0.0000,0.0000,-0.9431,0.3326,
2.8963,3.7827,0.0000,0.0000,0.0000,-0.8644,0.5027,
2.8930,3.7769,0.0000,0.0000,0.0000,-0.8658,0.5004,
2.8896,3.7710,0.0000,0.0000,0.0000,-0.8644,0.5027,
2.8863,3.7652,0.0000,0.0000,0.0000,-0.8677,0.4971,
2.8829,3.7594,0.0000,0.0000,0.0000,-0.8644,0.5027,
2.8796,3.7536,0.0000,0.0000,0.0000,-0.8626,0.5059,
2.8763,3.7477,0.0000,0.0000,0.0000,-0.8677,0.4971,
2.8729,3.7419,0.0000,0.0000,0.0000,-0.8644,0.5027,
2.8696,3.7361,0.0000,0.0000,0.0000,-0.8658,0.5004,
2.8662,3.7302,0.0000,0.0000,0.0000,-0.8644,0.5027,
2.8629,3.7244,0.0000,0.0000,0.0000,-0.8644,0.5027,
2.8596,3.7186,0.0000,0.0000,0.0000,-0.8658,0.5004,
2.8562,3.7127,0.0000,0.0000,0.0000,-0.8644,0.5027,
2.8529,3.7069,0.0000,0.0000,0.0000,-0.8677,0.4971,
2.8495,3.7011,0.0000,0.0000,0.0000,-0.8626,0.5059,
2.8462,3.6952,0.0000,0.0000,0.0000,-0.8644,0.5027,
2.8429,3.6894,0.0000,0.0000,0.0000,-0.8677,0.4971,
2.8395,3.6836,0.0000,0.0000,0.0000,-0.8651,0.5015,
2.8328,3.6719,0.0000,0.0000,0.0000,-0.7751,0.6318,
2.8314,3.6651,0.0000,0.0000,0.0000,-0.7796,0.6263,
2.8299,3.6583,0.0000,0.0000,0.0000,-0.7751,0.6318,
2.8285,3.6515,0.0000,0.0000,0.0000,-0.7786,0.6275,
2.8270,3.6446,0.0000,0.0000,0.0000,-0.7751,0.6318,
2.8256,3.6378,0.0000,0.0000,0.0000,-0.7796,0.6263,
2.8241,3.6310,0.0000,0.0000,0.0000,-0.7751,0.6318,
2.8227,3.6242,0.0000,0.0000,0.0000,-0.7796,0.6263,
2.8212,3.6174,0.0000,0.0000,0.0000,-0.7751,0.6318,
2.8198,3.6106,0.0000,0.0000,0.0000,-0.7796,0.6263,
2.8183,3.6038,0.0000,0.0000,0.0000,-0.7742,0.6329,
2.8169,3.5969,0.0000,0.0000,0.0000,-0.7796,0.6263,
2.8154,3.5901,0.0000,0.0000,0.0000,-0.7751,0.6318,
2.8140,3.5833,0.0000,0.0000,0.0000,-0.7796,0.6263,
2.8125,3.5765,0.0000,0.0000,0.0000,-0.7751,0.6318,
2.8111,3.5697,0.0000,0.0000,0.0000,-0.7796,0.6263,
2.8096,3.5629,0.0000,0.0000,0.0000,-0.7742,0.6329,
2.8082,3.5560,0.0000,0.0000,0.0000,-0.7796,0.6263,
2.8067,3.5492,0.0000,0.0000,0.0000,-0.7774,0.6291,
2.8038,3.5356,0.0000,0.0000,0.0000,-0.7071,0.7071,
2.8038,3.5288,0.0000,0.0000,0.0000,-0.7071,0.7071,
2.8038,3.5221,0.0000,0.0000,0.0000,-0.7071,0.7071,
2.8038,3.5153,0.0000,0.0000,0.0000,-0.7071,0.7071,
2.8038,3.5086,0.0000,0.0000,0.0000,-0.7071,0.7071,
2.8038,3.5018,0.0000,0.0000,0.0000,-0.7071,0.7071,
2.8038,3.4951,0.0000,0.0000,0.0000,-0.7071,0.7071,
2.8038,3.4883,0.0000,0.0000,0.0000,-0.7071,0.7071,
2.8038,3.4816,0.0000,0.0000,0.0000,-0.7071,0.7071,
2.8038,3.4748,0.0000,0.0000,0.0000,-0.7018,0.7124,
2.8039,3.4681,0.0000,0.0000,0.0000,-0.7071,0.7071,
2.8039,3.4613,0.0000,0.0000,0.0000,-0.7071,0.7071,
2.8039,3.4545,0.0000,0.0000,0.0000,-0.7071,0.7071,
2.8039,3.4478,0.0000,0.0000,0.0000,-0.7071,0.7071,
2.8039,3.4410,0.0000,0.0000,0.0000,-0.7071,0.7071,
2.8039,3.4343,0.0000,0.0000,0.0000,-0.7071,0.7071,
2.8039,3.4275,0.0000,0.0000,0.0000,-0.7071,0.7071,
2.8039,3.4208,0.0000,0.0000,0.0000,-0.7071,0.7071,
2.8039,3.4140,0.0000,0.0000,0.0000,-0.7071,0.7071,
2.8039,3.4073,0.0000,0.0000,0.0000,-0.7071,0.7071,
2.8039,3.4005,0.0000,0.0000,0.0000,-0.7071,0.7071,
2.8039,3.3938,0.0000,0.0000,0.0000,-0.7071,0.7071,
2.8039,3.3870,0.0000,0.0000,0.0000,-0.7071,0.7071,
2.8039,3.3802,0.0000,0.0000,0.0000,-0.7071,0.7071,
2.8039,3.3735,0.0000,0.0000,0.0000,-0.7071,0.7071,
2.8039,3.3667,0.0000,0.0000,0.0000,-0.7071,0.7071,
2.8039,3.3600,0.0000,0.0000,0.0000,-0.7071,0.7071,
2.8039,3.3532,0.0000,0.0000,0.0000,-0.7071,0.7071,
2.8039,3.3465,0.0000,0.0000,0.0000,-0.7071,0.7071,
2.8039,3.3397,0.0000,0.0000,0.0000,-0.7071,0.7071,
2.8039,3.3330,0.0000,0.0000,0.0000,-0.7071,0.7071,
2.8039,3.3262,0.0000,0.0000,0.0000,-0.7071,0.7071,
2.8039,3.3195,0.0000,0.0000,0.0000,-0.7071,0.7071,
2.8039,3.3127,0.0000,0.0000,0.0000,-0.7071,0.7071,
2.8039,3.3059,0.0000,0.0000,0.0000,-0.7071,0.7071,
2.8039,3.2992,0.0000,0.0000,0.0000,-0.7019,0.7123,
2.8040,3.2924,0.0000,0.0000,0.0000,-0.7071,0.7071,
2.8040,3.2857,0.0000,0.0000,0.0000,-0.7071,0.7071,
2.8040,3.2789,0.0000,0.0000,0.0000,-0.7071,0.7071,
2.8040,3.2722,0.0000,0.0000,0.0000,-0.7071,0.7071,
2.8040,3.2654,0.0000,0.0000,0.0000,-0.7071,0.7071,
2.8040,3.2587,0.0000,0.0000,0.0000,-0.7071,0.7071,
2.8040,3.2519,0.0000,0.0000,0.0000,-0.7071,0.7071,
2.8040,3.2452,0.0000,0.0000,0.0000,-0.7071,0.7071,
2.8040,3.2384,0.0000,0.0000,0.0000,-0.7071,0.7071,
2.8040,3.2316,0.0000,0.0000,0.0000,-0.7071,0.7071,
2.8040,3.2249,0.0000,0.0000,0.0000,-0.7071,0.7071,
2.8040,3.2181,0.0000,0.0000,0.0000,-0.7071,0.7071,
2.8040,3.2114,0.0000,0.0000,0.0000,-0.7071,0.7071,
2.8040,3.2046,0.0000,0.0000,0.0000,-0.7071,0.7071,
2.8040,3.1979,0.0000,0.0000,0.0000,-0.7071,0.7071,
2.8040,3.1911,0.0000,0.0000,0.0000,-0.7071,0.7071,
2.8040,3.1844,0.0000,0.0000,0.0000,-0.7071,0.7071,
2.8040,3.1776,0.0000,0.0000,0.0000,-0.7071,0.7071,
2.8040,3.1709,0.0000,0.0000,0.0000,-0.7071,0.7071,
2.8040,3.1641,0.0000,0.0000,0.0000,-0.7071,0.7071,
2.8040,3.1573,0.0000,0.0000,0.0000,-0.7071,0.7071,
2.8040,3.1506,0.0000,0.0000,0.0000,-0.7071,0.7071,
2.8040,3.1438,0.0000,0.0000,0.0000,-0.7071,0.7071,
2.8040,3.1371,0.0000,0.0000,0.0000,-0.7071,0.7071,
2.8040,3.1303,0.0000,0.0000,0.0000,-0.7071,0.7071,
2.8040,3.1236,0.0000,0.0000,0.0000,-0.7071,0.7071,
2.8040,3.1168,0.0000,0.0000,0.0000,-0.7018,0.7124,
2.8041,3.1101,0.0000,0.0000,0.0000,-0.7071,0.7071,
2.8041,3.1033,0.0000,0.0000,0.0000,-0.7071,0.7071,
2.8041,3.0966,0.0000,0.0000,0.0000,-0.7071,0.7071,
2.8041,3.0898,0.0000,0.0000,0.0000,-0.7071,0.7071,
2.8041,3.0831,0.0000,0.0000,0.0000,-0.7071,0.7071,
2.8041,3.0763,0.0000,0.0000,0.0000,-0.7071,0.7071,
