2.4140,1.2043,0.0000,0.0000,0.0000,0.0000,1.0000,
2.4207,1.2043,0.0000,0.0000,0.0000,0.0075,1.0000,
2.4274,1.2044,0.0000,0.0000,0.0000,0.0000,1.0000,
2.4342,1.2044,0.0000,0.0000,0.0000,0.0000,1.0000,
2.4409,1.2044,0.0000,0.0000,0.0000,0.0075,1.0000,
2.4476,1.2045,0.0000,0.0000,0.0000,0.0000,1.0000,
2.4544,1.2045,0.0000,0.0000,0.0000,0.0000,1.0000,
2.4611,1.2045,0.0000,0.0000,0.0000,0.0000,1.0000,
2.4678,1.2045,0.0000,0.0000,0.0000,0.0074,1.0000,
2.4746,1.2046,0.0000,0.0000,0.0000,0.0000,1.0000,
2.4813,1.2046,0.0000,0.0000,0.0000,0.0000,1.0000,
2.4881,1.2046,0.0000,0.0000,0.0000,0.0075,1.0000,
2.4948,1.2047,0.0000,0.0000,0.0000,0.0000,1.0000,
2.5015,1.2047,0.0000,0.0000,0.0000,0.0000,1.0000,
2.5083,1.2047,0.0000,0.0000,0.0000,0.0000,1.0000,
2.5150,1.2047,0.0000,0.0000,0.0000,0.0075,1.0000,
2.5217,1.2048,0.0000,0.0000,0.0000,0.0000,1.0000,
2.5285,1.2048,0.0000,0.0000,0.0000,0.0000,1.0000,
2.5352,1.2048,0.0000,0.0000,0.0000,0.0000,1.0000,
2.5419,1.2048,0.0000,0.0000,0.0000,0.0074,1.0000,
2.5487,1.2049,0.0000,0.0000,0.0000,0.0000,1.0000,
2.5554,1.2049,0.0000,0.0000,0.0000,0.0000,1.0000,
2.5622,1.2049,0.0000,0.0000,0.0000,0.0075,1.0000,
2.5689,1.2050,0.0000,0.0000,0.0000,0.0000,1.0000,
2.5756,1.2050,0.0000,0.0000,0.0000,0.0000,1.0000,
2.5824,1.2050,0.0000,0.0000,0.0000,0.0000,1.0000,
2.5891,1.2050,0.0000,0.0000,0.0000,0.0075,1.0000,
2.5958,1.2051,0.0000,0.0000,0.0000,0.0000,1.0000,
2.6026,1.2051,0.0000,0.0000,0.0000,0.0000,1.0000,
2.6093,1.2051,0.0000,0.0000,0.0000,0.0075,1.0000,
2.6160,1.2052,0.0000,0.0000,0.0000,0.0000,1.0000,
2.6228,1.2052,0.0000,0.0000,0.0000,0.0000,1.0000,
2.6295,1.2052,0.0000,0.0000,0.0000,0.0000,1.0000,
2.6363,1.2052,0.0000,0.0000,0.0000,0.0075,1.0000,
2.6430,1.2053,0.0000,0.0000,0.0000,0.0000,1.0000,
2.6497,1.2053,0.0000,0.0000,0.0000,0.0000,1.0000,
2.6565,1.2053,0.0000,0.0000,0.0000,0.0075,1.0000,
2.6632,1.2054,0.0000,0.0000,0.0000,0.0000,1.0000,
2.6699,1.2054,0.0000,0.0000,0.0000,0.0000,1.0000,
2.6767,1.2054,0.0000,0.0000,0.0000,0.0000,1.0000,
2.6834,1.2054,0.0000,0.0000,0.0000,0.0075,1.0000,
2.6901,1.2055,0.0000,0.0000,0.0000,0.0000,1.0000,
2.6969,1.2055,0.0000,0.0000,0.0000,0.0000,1.0000,
2.7036,1.2055,0.0000,0.0000,0.0000,0.0000,1.0000,
2.7104,1.2055,0.0000,0.0000,0.0000,0.0075,1.0000,
2.7171,1.2056,0.0000,0.0000,0.0000,0.0000,1.0000,
2.7238,1.2056,0.0000,0.0000,0.0000,0.0000,1.0000,
2.7306,1.2056,0.0000,0.0000,0.0000,0.0075,1.0000,
2.7373,1.2057,0.0000,0.0000,0.0000,0.0000,1.0000,
2.7508,1.2057,0.0000,0.0000,0.0000,0.1169,0.9931,
2.7575,1.2073,0.0000,0.0000,0.0000,0.1153,0.9933,
2.7643,1.2089,0.0000,0.0000,0.0000,0.1169,0.9931,
2.7710,1.2105,0.0000,0.0000,0.0000,0.1153,0.9933,
2.7778,1.2121,0.0000,0.0000,0.0000,0.1153,0.9933,
2.7846,1.2137,0.0000,0.0000,0.0000,0.1099,0.9939,
2.7913,1.2152,0.0000,0.0000,0.0000,0.1153,0.9933,
2.7981,1.2168,0.0000,0.0000,0.0000,0.1169,0.9931,
2.8048,1.2184,0.0000,0.0000,0.0000,0.1153,0.9933,
2.8116,1.2200,0.0000,0.0000,0.0000,0.1169,0.9931,
2.8183,1.2216,0.0000,0.0000,0.0000,0.1153,0.9933,
2.8251,1.2232,0.0000,0.0000,0.0000,0.1169,0.9931,
2.8318,1.2248,0.0000,0.0000,0.0000,0.1153,0.9933,
2.8386,1.2264,0.0000,0.0000,0.0000,0.1153,0.9933,
2.8454,1.2280,0.0000,0.0000,0.0000,0.1099,0.9939,
2.8521,1.2295,0.0000,0.0000,0.0000,0.1161,0.9932,
2.8656,1.2327,0.0000,0.0000,0.0000,0.2779,0.9606,
2.8713,1.2363,0.0000,0.0000,0.0000,0.2719,0.9623,
2.8770,1.2398,0.0000,0.0000,0.0000,0.2719,0.9623,
2.8827,1.2433,0.0000,0.0000,0.0000,0.2779,0.9606,
2.8884,1.2469,0.0000,0.0000,0.0000,0.2757,0.9612,
2.8940,1.2504,0.0000,0.0000,0.0000,0.2779,0.9606,
2.8997,1.2540,0.0000,0.0000,0.0000,0.2719,0.9623,
2.9054,1.2575,0.0000,0.0000,0.0000,0.2779,0.9606,
2.9111,1.2611,0.0000,0.0000,0.0000,0.2719,0.9623,
2.9168,1.2646,0.0000,0.0000,0.0000,0.2719,0.9623,
2.9225,1.2681,0.0000,0.0000,0.0000,0.2818,0.9595,
2.9281,1.2717,0.0000,0.0000,0.0000,0.2719,0.9623,
2.9338,1.2752,0.0000,0.0000,0.0000,0.2779,0.9606,
2.9395,1.2788,0.0000,0.0000,0.0000,0.2719,0.9623,
2.9452,1.2823,0.0000,0.0000,0.0000,0.2749,0.9615,
2.9566,1.2894,0.0000,0.0000,0.0000,0.4311,0.9023,
2.9608,1.2946,0.0000,0.0000,0.0000,0.4259,0.9048,
2.9651,1.2998,0.0000,0.0000,0.0000,0.4259,0.9048,
2.9694,1.3050,0.0000,0.0000,0.0000,0.4259,0.9048,
2.9737,1.3102,0.0000,0.0000,0.0000,0.4215,0.9068,
2.9780,1.3153,0.0000,0.0000,0.0000,0.4259,0.9048,
2.9823,1.3205,0.0000,0.0000,0.0000,0.4259,0.9048,
2.9866,1.3257,0.0000,0.0000,0.0000,0.4259,0.9048,
2.9909,1.3309,0.0000,0.0000,0.0000,0.4259,0.9048,
2.9952,1.3361,0.0000,0.0000,0.0000,0.4259,0.9048,
2.9995,1.3413,0.0000,0.0000,0.0000,0.4259,0.9048,
3.0038,1.3465,0.0000,0.0000,0.0000,0.4259,0.9048,
3.0081,1.3517,0.0000,0.0000,0.0000,0.4259,0.9048,
3.0124,1.3569,0.0000,0.0000,0.0000,0.4215,0.9068,
3.0167,1.3620,0.0000,0.0000,0.0000,0.4259,0.9048,
3.0253,1.3724,0.0000,0.0000,0.0000,0.5717,0.8205,
3.0277,1.3789,0.0000,0.0000,0.0000,0.5792,0.8152,
3.0300,1.3855,0.0000,0.0000,0.0000,0.5772,0.8166,
3.0323,1.3920,0.0000,0.0000,0.0000,0.5717,0.8205,
3.0347,1.3985,0.0000,0.0000,0.0000,0.5772,0.8166,
3.0370,1.4050,0.0000,0.0000,0.0000,0.5737,0.8191,
3.0394,1.4116,0.0000,0.0000,0.0000,0.5772,0.8166,
3.0417,1.4181,0.0000,0.0000,0.0000,0.5717,0.8205,
3.0441,1.4246,0.0000,0.0000,0.0000,0.5772,0.8166,
3.0464,1.4311,0.0000,0.0000,0.0000,0.5737,0.8191,
3.0488,1.4377,0.0000,0.0000,0.0000,0.5772,0.8166,
3.0511,1.4442,0.0000,0.0000,0.0000,0.5717,0.8205,
3.0535,1.4507,0.0000,0.0000,0.0000,0.5792,0.8152,
3.0558,1.4573,0.0000,0.0000,0.0000,0.5772,0.8166,
3.0581,1.4638,0.0000,0.0000,0.0000,0.5717,0.8205,
3.0605,1.4703,0.0000,0.0000,0.0000,0.5755,0.8178,
3.0652,1.4834,0.0000,0.0000,0.0000,0.7071,0.7071,
3.0652,1.4901,0.0000,0.0000,0.0000,0.7071,0.7071,
3.0652,1.4968,0.0000,0.0000,0.0000,0.7071,0.7071,
3.0652,1.5036,0.0000,0.0000,0.0000,0.7071,0.7071,
3.0652,1.5103,0.0000,0.0000,0.0000,0.7019,0.7123,
3.0653,1.5171,0.0000,0.0000,0.0000,0.7071,0.7071,
3.0653,1.5238,0.0000,0.0000,0.0000,0.7071,0.7071,
3.0653,1.5306,0.0000,0.0000,0.0000,0.7071,0.7071,
3.0653,1.5373,0.0000,0.0000,0.0000,0.7071,0.7071,
3.0653,1.5441,0.0000,0.0000,0.0000,0.7071,0.7071,
3.0653,1.5508,0.0000,0.0000,0.0000,0.7019,0.7123,
3.0654,1.5576,0.0000,0.0000,0.0000,0.7071,0.7071,
3.0654,1.5643,0.0000,0.0000,0.0000,0.7071,0.7071,
3.0654,1.5711,0.0000,0.0000,0.0000,0.7071,0.7071,
3.0654,1.5778,0.0000,0.0000,0.0000,0.7071,0.7071,
3.0654,1.5846,0.0000,0.0000,0.0000,0.7071,0.7071,
3.0654,1.5913,0.0000,0.0000,0.0000,0.7071,0.7071,
3.0654,1.5981,0.0000,0.0000,0.0000,0.7018,0.7124,
3.0655,1.6048,0.0000,0.0000,0.0000,0.7071,0.7071,
3.0655,1.6116,0.0000,0.0000,0.0000,0.7071,0.7071,
3.0655,1.6183,0.0000,0.0000,0.0000,0.7071,0.7071,
3.0655,1.6251,0.0000,0.0000,0.0000,0.7071,0.7071,
3.0655,1.6318,0.0000,0.0000,0.0000,0.7071,0.7071,
3.0655,1.6386,0.0000,0.0000,0.0000,0.7018,0.7124,
3.0656,1.6453,0.0000,0.0000,0.0000,0.7071,0.7071,
3.0656,1.6588,0.0000,0.0000,0.0000,0.7071,0.7071,
3.0656,1.6655,0.0000,0.0000,0.0000,0.7018,0.7124,
3.0657,1.6722,0.0000,0.0000,0.0000,0.7071,0.7071,
3.0657,1.6789,0.0000,0.0000,0.0000,0.7071,0.7071,
3.0657,1.6857,0.0000,0.0000,0.0000,0.7018,0.7124,
3.0658,1.6924,0.0000,0.0000,0.0000,0.7071,0.7071,
3.0658,1.6991,0.0000,0.0000,0.0000,0.7018,0.7124,
3.0659,1.7058,0.0000,0.0000,0.0000,0.7071,0.7071,
3.0659,1.7125,0.0000,0.0000,0.0000,0.7071,0.7071,
3.0659,1.7192,0.0000,0.0000,0.0000,0.7018,0.7124,
3.0660,1.7259,0.0000,0.0000,0.0000,0.7071,0.7071,
3.0660,1.7327,0.0000,0.0000,0.0000,0.7071,0.7071,
3.0660,1.7394,0.0000,0.0000,0.0000,0.7018,0.7124,
3.0661,1.7461,0.0000,0.0000,0.0000,0.7071,0.7071,
3.0661,1.7528,0.0000,0.0000,0.0000,0.7018,0.7124,
3.0662,1.7595,0.0000,0.0000,0.0000,0.7071,0.7071,
3.0662,1.7662,0.0000,0.0000,0.0000,0.7071,0.7071,
3.0662,1.7729,0.0000,0.0000,0.0000,0.7019,0.7123,
3.0663,1.7797,0.0000,0.0000,0.0000,0.7071,0.7071,
3.0663,1.7864,0.0000,0.0000,0.0000,0.7071,0.7071,
3.0663,1.7931,0.0000,0.0000,0.0000,0.7018,0.7124,
3.0664,1.7998,0.0000,0.0000,0.0000,0.7071,0.7071,
3.0664,1.8065,0.0000,0.0000,0.0000,0.7018,0.7124,
3.0665,1.8132,0.0000,0.0000,0.0000,0.7071,0.7071,
3.0665,1.8199,0.0000,0.0000,0.0000,0.7071,0.7071,
3.0665,1.8267,0.0000,0.0000,0.0000,0.7018,0.7124,
3.0666,1.8334,0.0000,0.0000,0.0000,0.7071,0.7071,
3.0666,1.8401,0.0000,0.0000,0.0000,0.7071,0.7071,
3.0666,1.8468,0.0000,0.0000,0.0000,0.7018,0.7124,
3.0667,1.8535,0.0000,0.0000,0.0000,0.7071,0.7071,
3.0667,1.8602,0.0000,0.0000,0.0000,0.7018,0.7124,
3.0668,1.8669,0.0000,0.0000,0.0000,0.7071,0.7071,
3.0668,1.8737,0.0000,0.0000,0.0000,0.7071,0.7071,
3.0668,1.8804,0.0000,0.0000,0.0000,0.7018,0.7124,
3.0669,1.8871,0.0000,0.0000,0.0000,0.7071,0.7071,
3.0669,1.8938,0.0000,0.0000,0.0000,0.7018,0.7124,
3.0670,1.9005,0.0000,0.0000,0.0000,0.7071,0.7071,
3.0670,1.9072,0.0000,0.0000,0.0000,0.7071,0.7071,
3.0670,1.9140,0.0000,0.0000,0.0000,0.7018,0.7124,
3.0671,1.9207,0.0000,0.0000,0.0000,0.7071,0.7071,
3.0671,1.9274,0.0000,0.0000,0.0000,0.7071,0.7071,
3.0671,1.9341,0.0000,0.0000,0.0000,0.7018,0.7124,
3.0672,1.9408,0.0000,0.0000,0.0000,0.7071,0.7071,
3.0672,1.9475,0.0000,0.0000,0.0000,0.7018,0.7124,
3.0673,1.9542,0.0000,0.0000,0.0000,0.7071,0.7071,
3.0673,1.9610,0.0000,0.0000,0.0000,0.7071,0.7071,
3.0673,1.9677,0.0000,0.0000,0.0000,0.7018,0.7124,
3.0674,1.9744,0.0000,0.0000,0.0000,0.7071,0.7071,
3.0674,1.9811,0.0000,0.0000,0.0000,0.7071,0.7071,
3.0674,1.9878,0.0000,0.0000,0.0000,0.7018,0.7124,
3.0675,1.9945,0.0000,0.0000,0.0000,0.7071,0.7071,
3.0675,2.0012,0.0000,0.0000,0.0000,0.7019,0.7123,
3.0676,2.0080,0.0000,0.0000,0.0000,0.7071,0.7071,
