2.4094,2.3922,0.0000,0.0000,0.0000,0.0147,0.9999,
2.4162,2.3924,0.0000,0.0000,0.0000,0.0075,1.0000,
2.4229,2.3925,0.0000,0.0000,0.0000,0.0074,1.0000,
2.4297,2.3926,0.0000,0.0000,0.0000,0.0074,1.0000,
2.4365,2.3927,0.0000,0.0000,0.0000,0.0147,0.9999,
2.4433,2.3929,0.0000,0.0000,0.0000,0.0074,1.0000,
2.4501,2.3930,0.0000,0.0000,0.0000,0.0074,1.0000,
2.4569,2.3931,0.0000,0.0000,0.0000,0.0147,0.9999,
2.4637,2.3933,0.0000,0.0000,0.0000,0.0074,1.0000,
2.4705,2.3934,0.0000,0.0000,0.0000,0.0074,1.0000,
2.4773,2.3935,0.0000,0.0000,0.0000,0.0074,1.0000,
2.4841,2.3936,0.0000,0.0000,0.0000,0.0149,0.9999,
2.4908,2.3938,0.0000,0.0000,0.0000,0.0074,1.0000,
2.4976,2.3939,0.0000,0.0000,0.0000,0.0074,1.0000,
2.5044,2.3940,0.0000,0.0000,0.0000,0.0147,0.9999,
2.5112,2.3942,0.0000,0.0000,0.0000,0.0074,1.0000,
2.5180,2.3943,0.0000,0.0000,0.0000,0.0074,1.0000,
2.5248,2.3944,0.0000,0.0000,0.0000,0.0074,1.0000,
2.5316,2.3945,0.0000,0.0000,0.0000,0.0147,0.9999,
2.5384,2.3947,0.0000,0.0000,0.0000,0.0074,1.0000,
2.5452,2.3948,0.0000,0.0000,0.0000,0.0075,1.0000,
2.5519,2.3949,0.0000,0.0000,0.0000,0.0147,0.9999,
2.5587,2.3951,0.0000,0.0000,0.0000,0.0074,1.0000,
2.5655,2.3952,0.0000,0.0000,0.0000,0.0074,1.0000,
2.5723,2.3953,0.0000,0.0000,0.0000,0.0074,1.0000,
2.5791,2.3954,0.0000,0.0000,0.0000,0.0147,0.9999,
2.5859,2.3956,0.0000,0.0000,0.0000,0.0074,1.0000,
2.5927,2.3957,0.0000,0.0000,0.0000,0.0074,1.0000,
2.5995,2.3958,0.0000,0.0000,0.0000,0.0147,0.9999,
2.6063,2.3960,0.0000,0.0000,0.0000,0.0074,1.0000,
2.6131,2.3961,0.0000,0.0000,0.0000,0.0075,1.0000,
2.6198,2.3962,0.0000,0.0000,0.0000,0.0147,0.9999,
2.6266,2.3964,0.0000,0.0000,0.0000,0.0074,1.0000,
2.6334,2.3965,0.0000,0.0000,0.0000,0.0074,1.0000,
2.6402,2.3966,0.0000,0.0000,0.0000,0.0074,1.0000,
2.6470,2.3967,0.0000,0.0000,0.0000,0.0147,0.9999,
2.6538,2.3969,0.0000,0.0000,0.0000,0.0074,1.0000,
2.6606,2.3970,0.0000,0.0000,0.0000,0.0074,1.0000,
2.6674,2.3971,0.0000,0.0000,0.0000,0.0147,0.9999,
2.6742,2.3973,0.0000,0.0000,0.0000,0.0074,1.0000,
2.6810,2.3974,0.0000,0.0000,0.0000,0.0075,1.0000,
2.6877,2.3975,0.0000,0.0000,0.0000,0.0074,1.0000,
2.6945,2.3976,0.0000,0.0000,0.0000,0.0147,0.9999,
2.7013,2.3978,0.0000,0.0000,0.0000,0.0074,1.0000,
2.7081,2.3979,0.0000,0.0000,0.0000,0.0074,1.0000,
2.7149,2.3980,0.0000,0.0000,0.0000,0.0110,0.9999,
2.7285,2.3983,0.0000,0.0000,0.0000,0.1295,0.9916,
2.7349,2.4000,0.0000,0.0000,0.0000,0.1367,0.9906,
2.7413,2.4018,0.0000,0.0000,0.0000,0.1347,0.9909,
2.7478,2.4036,0.0000,0.0000,0.0000,0.1295,0.9916,
2.7542,2.4053,0.0000,0.0000,0.0000,0.1347,0.9909,
2.7607,2.4071,0.0000,0.0000,0.0000,0.1295,0.9916,
2.7671,2.4088,0.0000,0.0000,0.0000,0.1367,0.9906,
2.7735,2.4106,0.0000,0.0000,0.0000,0.1276,0.9918,
2.7800,2.4123,0.0000,0.0000,0.0000,0.1367,0.9906,
2.7864,2.4141,0.0000,0.0000,0.0000,0.1295,0.9916,
2.7928,2.4158,0.0000,0.0000,0.0000,0.1347,0.9909,
2.7993,2.4176,0.0000,0.0000,0.0000,0.1367,0.9906,
2.8057,2.4194,0.0000,0.0000,0.0000,0.1321,0.9912,
2.8186,2.4229,0.0000,0.0000,0.0000,0.2610,0.9653,
2.8246,2.4264,0.0000,0.0000,0.0000,0.2549,0.9670,
2.8306,2.4298,0.0000,0.0000,0.0000,0.2610,0.9653,
2.8366,2.4333,0.0000,0.0000,0.0000,0.2575,0.9663,
2.8427,2.4368,0.0000,0.0000,0.0000,0.2610,0.9653,
2.8487,2.4403,0.0000,0.0000,0.0000,0.2610,0.9653,
2.8547,2.4438,0.0000,0.0000,0.0000,0.2610,0.9653,
2.8607,2.4473,0.0000,0.0000,0.0000,0.2515,0.9679,
2.8668,2.4507,0.0000,0.0000,0.0000,0.2610,0.9653,
2.8728,2.4542,0.0000,0.0000,0.0000,0.2610,0.9653,
2.8848,2.4612,0.0000,0.0000,0.0000,0.3371,0.9415,
2.8904,2.4658,0.0000,0.0000,0.0000,0.3362,0.9418,
2.8959,2.4703,0.0000,0.0000,0.0000,0.3413,0.9400,
2.9014,2.4749,0.0000,0.0000,0.0000,0.3371,0.9415,
2.9070,2.4795,0.0000,0.0000,0.0000,0.3413,0.9400,
2.9125,2.4841,0.0000,0.0000,0.0000,0.3320,0.9433,
2.9181,2.4886,0.0000,0.0000,0.0000,0.3413,0.9400,
2.9236,2.4932,0.0000,0.0000,0.0000,0.3413,0.9400,
2.9291,2.4978,0.0000,0.0000,0.0000,0.3320,0.9433,
2.9347,2.5023,0.0000,0.0000,0.0000,0.3413,0.9400,
2.9402,2.5069,0.0000,0.0000,0.0000,0.3392,0.9407,
2.9513,2.5161,0.0000,0.0000,0.0000,0.5065,0.8622,
2.9547,2.5222,0.0000,0.0000,0.0000,0.5149,0.8573,
2.9580,2.5284,0.0000,0.0000,0.0000,0.5095,0.8605,
2.9614,2.5346,0.0000,0.0000,0.0000,0.5095,0.8605,
2.9648,2.5408,0.0000,0.0000,0.0000,0.5065,0.8622,
2.9682,2.5469,0.0000,0.0000,0.0000,0.5149,0.8573,
2.9715,2.5531,0.0000,0.0000,0.0000,0.5095,0.8605,
2.9749,2.5593,0.0000,0.0000,0.0000,0.5065,0.8622,
2.9783,2.5654,0.0000,0.0000,0.0000,0.5149,0.8573,
2.9816,2.5716,0.0000,0.0000,0.0000,0.5095,0.8605,
2.9850,2.5778,0.0000,0.0000,0.0000,0.5095,0.8605,
2.9884,2.5840,0.0000,0.0000,0.0000,0.5065,0.8622,
2.9918,2.5901,0.0000,0.0000,0.0000,0.5122,0.8589,
2.9985,2.6025,0.0000,0.0000,0.0000,0.5789,0.8154,
3.0007,2.6088,0.0000,0.0000,0.0000,0.5809,0.8140,
3.0029,2.6152,0.0000,0.0000,0.0000,0.5809,0.8140,
3.0051,2.6216,0.0000,0.0000,0.0000,0.5789,0.8154,
3.0073,2.6279,0.0000,0.0000,0.0000,0.5809,0.8140,
3.0095,2.6343,0.0000,0.0000,0.0000,0.5866,0.8099,
3.0116,2.6407,0.0000,0.0000,0.0000,0.5789,0.8154,
3.0138,2.6470,0.0000,0.0000,0.0000,0.5809,0.8140,
3.0160,2.6534,0.0000,0.0000,0.0000,0.5809,0.8140,
3.0182,2.6598,0.0000,0.0000,0.0000,0.5809,0.8140,
3.0204,2.6662,0.0000,0.0000,0.0000,0.5789,0.8154,
3.0226,2.6725,0.0000,0.0000,0.0000,0.5809,0.8140,
3.0248,2.6789,0.0000,0.0000,0.0000,0.5809,0.8140,
3.0270,2.6853,0.0000,0.0000,0.0000,0.5789,0.8154,
3.0292,2.6916,0.0000,0.0000,0.0000,0.5866,0.8099,
3.0313,2.6980,0.0000,0.0000,0.0000,0.5809,0.8140,
3.0335,2.7044,0.0000,0.0000,0.0000,0.5789,0.8154,
3.0357,2.7107,0.0000,0.0000,0.0000,0.5809,0.8140,
3.0401,2.7235,0.0000,0.0000,0.0000,0.6437,0.7653,
3.0413,2.7304,0.0000,0.0000,0.0000,0.6446,0.7645,
3.0425,2.7374,0.0000,0.0000,0.0000,0.6437,0.7653,
3.0437,2.7443,0.0000,0.0000,0.0000,0.6393,0.7690,
3.0450,2.7513,0.0000,0.0000,0.0000,0.6437,0.7653,
3.0462,2.7582,0.0000,0.0000,0.0000,0.6446,0.7645,
3.0474,2.7652,0.0000,0.0000,0.0000,0.6437,0.7653,
3.0486,2.7721,0.0000,0.0000,0.0000,0.6446,0.7645,
3.0498,2.7791,0.0000,0.0000,0.0000,0.6437,0.7653,
3.0510,2.7860,0.0000,0.0000,0.0000,0.6446,0.7645,
3.0522,2.7930,0.0000,0.0000,0.0000,0.6383,0.7698,
3.0535,2.7999,0.0000,0.0000,0.0000,0.6446,0.7645,
3.0547,2.8069,0.0000,0.0000,0.0000,0.6437,0.7653,
3.0559,2.8138,0.0000,0.0000,0.0000,0.6446,0.7645,
3.0571,2.8208,0.0000,0.0000,0.0000,0.6437,0.7653,
3.0583,2.8277,0.0000,0.0000,0.0000,0.6415,0.7671,
3.0608,2.8416,0.0000,0.0000,0.0000,0.7071,0.7071,
3.0608,2.8484,0.0000,0.0000,0.0000,0.7018,0.7124,
3.0609,2.8551,0.0000,0.0000,0.0000,0.7071,0.7071,
3.0609,2.8618,0.0000,0.0000,0.0000,0.7018,0.7124,
3.0610,2.8685,0.0000,0.0000,0.0000,0.7018,0.7124,
3.0611,2.8752,0.0000,0.0000,0.0000,0.7071,0.7071,
3.0611,2.8819,0.0000,0.0000,0.0000,0.7019,0.7123,
3.0612,2.8887,0.0000,0.0000,0.0000,0.7071,0.7071,
3.0612,2.8954,0.0000,0.0000,0.0000,0.7018,0.7124,
3.0613,2.9021,0.0000,0.0000,0.0000,0.7071,0.7071,
3.0613,2.9088,0.0000,0.0000,0.0000,0.7018,0.7124,
3.0614,2.9155,0.0000,0.0000,0.0000,0.7018,0.7124,
3.0615,2.9222,0.0000,0.0000,0.0000,0.7071,0.7071,
3.0615,2.9289,0.0000,0.0000,0.0000,0.7019,0.7123,
3.0616,2.9357,0.0000,0.0000,0.0000,0.7071,0.7071,
3.0616,2.9424,0.0000,0.0000,0.0000,0.7018,0.7124,
3.0617,2.9491,0.0000,0.0000,0.0000,0.7018,0.7124,
3.0618,2.9558,0.0000,0.0000,0.0000,0.7071,0.7071,
3.0618,2.9625,0.0000,0.0000,0.0000,0.7018,0.7124,
3.0619,2.9692,0.0000,0.0000,0.0000,0.7071,0.7071,
3.0619,2.9760,0.0000,0.0000,0.0000,0.7018,0.7124,
3.0620,2.9827,0.0000,0.0000,0.0000,0.7018,0.7124,
3.0621,2.9894,0.0000,0.0000,0.0000,0.7071,0.7071,
3.0621,2.9961,0.0000,0.0000,0.0000,0.7018,0.7124,
3.0622,3.0028,0.0000,0.0000,0.0000,0.7071,0.7071,
3.0622,3.0095,0.0000,0.0000,0.0000,0.7019,0.7123,
3.0623,3.0163,0.0000,0.0000,0.0000,0.7071,0.7071,
3.0623,3.0230,0.0000,0.0000,0.0000,0.7018,0.7124,
3.0624,3.0297,0.0000,0.0000,0.0000,0.7018,0.7124,
