3.0680,2.0289,0.0000,0.0000,0.0000,0.7279,0.6857,
3.0676,2.0356,0.0000,0.0000,0.0000,0.7227,0.6911,
3.0673,2.0423,0.0000,0.0000,0.0000,0.7279,0.6857,
3.0669,2.0490,0.0000,0.0000,0.0000,0.7227,0.6911,
3.0666,2.0557,0.0000,0.0000,0.0000,0.7279,0.6857,
3.0662,2.0624,0.0000,0.0000,0.0000,0.7282,0.6854,
3.0658,2.0690,0.0000,0.0000,0.0000,0.7227,0.6911,
3.0655,2.0757,0.0000,0.0000,0.0000,0.7279,0.6857,
3.0651,2.0824,0.0000,0.0000,0.0000,0.7227,0.6911,
3.0648,2.0891,0.0000,0.0000,0.0000,0.7279,0.6857,
3.0644,2.0958,0.0000,0.0000,0.0000,0.7279,0.6857,
3.0640,2.1025,0.0000,0.0000,0.0000,0.7227,0.6911,
3.0637,2.1092,0.0000,0.0000,0.0000,0.7279,0.6857,
3.0633,2.1159,0.0000,0.0000,0.0000,0.7227,0.6911,
3.0630,2.1226,0.0000,0.0000,0.0000,0.7279,0.6857,
3.0626,2.1293,0.0000,0.0000,0.0000,0.7279,0.6857,
3.0622,2.1360,0.0000,0.0000,0.0000,0.7227,0.6911,
3.0619,2.1427,0.0000,0.0000,0.0000,0.7279,0.6857,
3.0615,2.1494,0.0000,0.0000,0.0000,0.7227,0.6911,
3.0612,2.1561,0.0000,0.0000,0.0000,0.7279,0.6857,
3.0608,2.1628,0.0000,0.0000,0.0000,0.7282,0.6854,
3.0604,2.1694,0.0000,0.0000,0.0000,0.7227,0.6911,
3.0601,2.1761,0.0000,0.0000,0.0000,0.7279,0.6857,
3.0597,2.1828,0.0000,0.0000,0.0000,0.7279,0.6857,
3.0593,2.1895,0.0000,0.0000,0.0000,0.7227,0.6911,
3.0590,2.1962,0.0000,0.0000,0.0000,0.7279,0.6857,
3.0586,2.2029,0.0000,0.0000,0.0000,0.7227,0.6911,
3.0583,2.2096,0.0000,0.0000,0.0000,0.7279,0.6857,
3.0579,2.2163,0.0000,0.0000,0.0000,0.7279,0.6857,
3.0575,2.2230,0.0000,0.0000,0.0000,0.7227,0.6911,
3.0572,2.2297,0.0000,0.0000,0.0000,0.7279,0.6857,
3.0568,2.2364,0.0000,0.0000,0.0000,0.7227,0.6911,
3.0565,2.2431,0.0000,0.0000,0.0000,0.7279,0.6857,
3.0561,2.2498,0.0000,0.0000,0.0000,0.7279,0.6857,
3.0557,2.2565,0.0000,0.0000,0.0000,0.7227,0.6911,
3.0554,2.2632,0.0000,0.0000,0.0000,0.7279,0.6857,
3.0550,2.2699,0.0000,0.0000,0.0000,0.7230,0.6909,
3.0547,2.2765,0.0000,0.0000,0.0000,0.7279,0.6857,
3.0543,2.2832,0.0000,0.0000,0.0000,0.7279,0.6857,
3.0539,2.2899,0.0000,0.0000,0.0000,0.7227,0.6911,
3.0536,2.2966,0.0000,0.0000,0.0000,0.7279,0.6857,
3.0532,2.3033,0.0000,0.0000,0.0000,0.7227,0.6911,
3.0529,2.3100,0.0000,0.0000,0.0000,0.7279,0.6857,
3.0521,2.3234,0.0000,0.0000,0.0000,0.7733,0.6340,
3.0507,2.3304,0.0000,0.0000,0.0000,0.7777,0.6287,
3.0492,2.3374,0.0000,0.0000,0.0000,0.7786,0.6275,
3.0477,2.3443,0.0000,0.0000,0.0000,0.7777,0.6287,
3.0462,2.3513,0.0000,0.0000,0.0000,0.7777,0.6287,
3.0447,2.3583,0.0000,0.0000,0.0000,0.7733,0.6340,
3.0433,2.3653,0.0000,0.0000,0.0000,0.7786,0.6275,
3.0418,2.3722,0.0000,0.0000,0.0000,0.7777,0.6287,
3.0403,2.3792,0.0000,0.0000,0.0000,0.7777,0.6287,
3.0388,2.3862,0.0000,0.0000,0.0000,0.7777,0.6287,
3.0373,2.3932,0.0000,0.0000,0.0000,0.7777,0.6287,
3.0358,2.4002,0.0000,0.0000,0.0000,0.7742,0.6329,
3.0344,2.4071,0.0000,0.0000,0.0000,0.7777,0.6287,
3.0314,2.4211,0.0000,0.0000,0.0000,0.8423,0.5390,
3.0284,2.4276,0.0000,0.0000,0.0000,0.8423,0.5390,
3.0254,2.4341,0.0000,0.0000,0.0000,0.8423,0.5390,
3.0224,2.4406,0.0000,0.0000,0.0000,0.8423,0.5390,
3.0194,2.4471,0.0000,0.0000,0.0000,0.8389,0.5443,
3.0165,2.4536,0.0000,0.0000,0.0000,0.8423,0.5390,
3.0135,2.4601,0.0000,0.0000,0.0000,0.8423,0.5390,
3.0105,2.4666,0.0000,0.0000,0.0000,0.8423,0.5390,
3.0075,2.4731,0.0000,0.0000,0.0000,0.8423,0.5390,
3.0015,2.4861,0.0000,0.0000,0.0000,0.8931,0.4499,
2.9975,2.4915,0.0000,0.0000,0.0000,0.8904,0.4553,
2.9936,2.4969,0.0000,0.0000,0.0000,0.8951,0.4459,
2.9896,2.5022,0.0000,0.0000,0.0000,0.8931,0.4499,
2.9856,2.5076,0.0000,0.0000,0.0000,0.8904,0.4553,
2.9817,2.5130,0.0000,0.0000,0.0000,0.8951,0.4459,
2.9777,2.5183,0.0000,0.0000,0.0000,0.8931,0.4499,
2.9737,2.5237,0.0000,0.0000,0.0000,0.8931,0.4499,
2.9697,2.5291,0.0000,0.0000,0.0000,0.8924,0.4513,
2.9658,2.5344,0.0000,0.0000,0.0000,0.8931,0.4499,
2.9618,2.5398,0.0000,0.0000,0.0000,0.8931,0.4499,
2.9578,2.5452,0.0000,0.0000,0.0000,0.8927,0.4506,
2.9499,2.5559,0.0000,0.0000,0.0000,0.9627,0.2705,
2.9440,2.5595,0.0000,0.0000,0.0000,0.9644,0.2645,
2.9381,2.5630,0.0000,0.0000,0.0000,0.9627,0.2705,
2.9322,2.5666,0.0000,0.0000,0.0000,0.9627,0.2705,
2.9263,2.5702,0.0000,0.0000,0.0000,0.9644,0.2645,
2.9204,2.5737,0.0000,0.0000,0.0000,0.9627,0.2705,
2.9145,2.5773,0.0000,0.0000,0.0000,0.9627,0.2705,
2.9086,2.5809,0.0000,0.0000,0.0000,0.9644,0.2645,
2.9027,2.5844,0.0000,0.0000,0.0000,0.9617,0.2742,
2.8969,2.5880,0.0000,0.0000,0.0000,0.9627,0.2705,
2.8910,2.5916,0.0000,0.0000,0.0000,0.9644,0.2645,
2.8851,2.5951,0.0000,0.0000,0.0000,0.9627,0.2705,
2.8792,2.5987,0.0000,0.0000,0.0000,0.9627,0.2705,
2.8733,2.6023,0.0000,0.0000,0.0000,0.9644,0.2645,
2.8674,2.6058,0.0000,0.0000,0.0000,0.9627,0.2705,
2.8556,2.6130,0.0000,0.0000,0.0000,0.9871,0.1602,
2.8493,2.6151,0.0000,0.0000,0.0000,0.9859,0.1672,
2.8430,2.6173,0.0000,0.0000,0.0000,0.9871,0.1602,
2.8367,2.6194,0.0000,0.0000,0.0000,0.9863,0.1648,
2.8303,2.6216,0.0000,0.0000,0.0000,0.9871,0.1602,
2.8240,2.6237,0.0000,0.0000,0.0000,0.9859,0.1672,
2.8177,2.6259,0.0000,0.0000,0.0000,0.9871,0.1602,
2.8114,2.6280,0.0000,0.0000,0.0000,0.9871,0.1602,
2.8051,2.6301,0.0000,0.0000,0.0000,0.9859,0.1672,
2.7988,2.6323,0.0000,0.0000,0.0000,0.9871,0.1602,
2.7925,2.6344,0.0000,0.0000,0.0000,0.9859,0.1672,
2.7862,2.6366,0.0000,0.0000,0.0000,0.9875,0.1579,
2.7798,2.6387,0.0000,0.0000,0.0000,0.9859,0.1672,
2.7735,2.6409,0.0000,0.0000,0.0000,0.9871,0.1602,
2.7672,2.6430,0.0000,0.0000,0.0000,0.9859,0.1672,
2.7609,2.6452,0.0000,0.0000,0.0000,0.9871,0.1602,
2.7546,2.6473,0.0000,0.0000,0.0000,0.9859,0.1672,
2.7483,2.6495,0.0000,0.0000,0.0000,0.9871,0.1602,
2.7420,2.6516,0.0000,0.0000,0.0000,0.9867,0.1625,
2.7293,2.6559,0.0000,0.0000,0.0000,1.0000,0.0075,
2.7226,2.6560,0.0000,0.0000,0.0000,1.0000,0.0075,
2.7159,2.6561,0.0000,0.0000,0.0000,1.0000,0.0075,
2.7092,2.6562,0.0000,0.0000,0.0000,1.0000,0.0075,
2.7025,2.6563,0.0000,0.0000,0.0000,0.9999,0.0149,
2.6958,2.6565,0.0000,0.0000,0.0000,1.0000,0.0075,
2.6891,2.6566,0.0000,0.0000,0.0000,1.0000,0.0075,
2.6824,2.6567,0.0000,0.0000,0.0000,1.0000,0.0075,
2.6757,2.6568,0.0000,0.0000,0.0000,1.0000,0.0075,
2.6690,2.6569,0.0000,0.0000,0.0000,1.0000,0.0075,
2.6623,2.6570,0.0000,0.0000,0.0000,1.0000,0.0075,
2.6556,2.6571,0.0000,0.0000,0.0000,1.0000,0.0075,
2.6489,2.6572,0.0000,0.0000,0.0000,0.9999,0.0149,
2.6422,2.6574,0.0000,0.0000,0.0000,1.0000,0.0075,
2.6355,2.6575,0.0000,0.0000,0.0000,1.0000,0.0075,
2.6288,2.6576,0.0000,0.0000,0.0000,1.0000,0.0075,
2.6221,2.6577,0.0000,0.0000,0.0000,1.0000,0.0075,
2.6154,2.6578,0.0000,0.0000,0.0000,1.0000,0.0075,
2.6087,2.6579,0.0000,0.0000,0.0000,1.0000,0.0075,
2.6020,2.6580,0.0000,0.0000,0.0000,1.0000,0.0075,
2.5953,2.6581,0.0000,0.0000,0.0000,0.9999,0.0149,
2.5886,2.6583,0.0000,0.0000,0.0000,1.0000,0.0075,
2.5819,2.6584,0.0000,0.0000,0.0000,1.0000,0.0075,
2.5752,2.6585,0.0000,0.0000,0.0000,1.0000,0.0075,
2.5685,2.6586,0.0000,0.0000,0.0000,1.0000,0.0075,
2.5618,2.6587,0.0000,0.0000,0.0000,1.0000,0.0075,
2.5551,2.6588,0.0000,0.0000,0.0000,1.0000,0.0075,
2.5484,2.6589,0.0000,0.0000,0.0000,0.9999,0.0149,
2.5417,2.6591,0.0000,0.0000,0.0000,1.0000,0.0075,
2.5350,2.6592,0.0000,0.0000,0.0000,1.0000,0.0075,
2.5283,2.6593,0.0000,0.0000,0.0000,1.0000,0.0075,
2.5216,2.6594,0.0000,0.0000,0.0000,1.0000,0.0075,
2.5149,2.6595,0.0000,0.0000,0.0000,1.0000,0.0075,
2.5082,2.6596,0.0000,0.0000,0.0000,1.0000,0.0075,
2.5015,2.6597,0.0000,0.0000,0.0000,1.0000,0.0075,
2.4948,2.6598,0.0000,0.0000,0.0000,0.9999,0.0149,
2.4881,2.6600,0.0000,0.0000,0.0000,1.0000,0.0075,
2.4814,2.6601,0.0000,0.0000,0.0000,1.0000,0.0075,
2.4747,2.6602,0.0000,0.0000,0.0000,1.0000,0.0075,
2.4680,2.6603,0.0000,0.0000,0.0000,1.0000,0.0075,
2.4613,2.6604,0.0000,0.0000,0.0000,1.0000,0.0075,
2.4546,2.6605,0.0000,0.0000,0.0000,1.0000,0.0075,
2.4479,2.6606,0.0000,0.0000,0.0000,1.0000,0.0075,
2.4412,2.6607,0.0000,0.0000,0.0000,0.9999,0.0149,
2.4345,2.6609,0.0000,0.0000,0.0000,1.0000,0.0075,
2.4278,2.6610,0.0000,0.0000,0.0000,1.0000,0.0075,
2.4211,2.6611,0.0000,0.0000,0.0000,1.0000,0.0075,
2.4144,2.6612,0.0000,0.0000,0.0000,1.0000,0.0075,
