4.4033,3.0662,0.0000,0.0000,0.0000,-0.7882,0.6154,
4.4017,3.0598,0.0000,0.0000,0.0000,-0.7915,0.6111,
4.4000,3.0533,0.0000,0.0000,0.0000,-0.7915,0.6111,
4.3983,3.0468,0.0000,0.0000,0.0000,-0.7882,0.6154,
4.3967,3.0404,0.0000,0.0000,0.0000,-0.7915,0.6111,
4.3950,3.0339,0.0000,0.0000,0.0000,-0.7927,0.6096,
4.3933,3.0275,0.0000,0.0000,0.0000,-0.7871,0.6168,
4.3917,3.0210,0.0000,0.0000,0.0000,-0.7915,0.6111,
4.3900,3.0145,0.0000,0.0000,0.0000,-0.7927,0.6096,
4.3883,3.0081,0.0000,0.0000,0.0000,-0.7871,0.6168,
4.3867,3.0016,0.0000,0.0000,0.0000,-0.7915,0.6111,
4.3850,2.9951,0.0000,0.0000,0.0000,-0.7927,0.6096,
4.3833,2.9887,0.0000,0.0000,0.0000,-0.7871,0.6168,
4.3817,2.9822,0.0000,0.0000,0.0000,-0.7927,0.6096,
4.3800,2.9758,0.0000,0.0000,0.0000,-0.7915,0.6111,
4.3783,2.9693,0.0000,0.0000,0.0000,-0.7871,0.6168,
4.3767,2.9628,0.0000,0.0000,0.0000,-0.7927,0.6096,
4.3750,2.9564,0.0000,0.0000,0.0000,-0.7915,0.6111,
4.3733,2.9499,0.0000,0.0000,0.0000,-0.7882,0.6154,
4.3717,2.9435,0.0000,0.0000,0.0000,-0.7915,0.6111,
4.3700,2.9370,0.0000,0.0000,0.0000,-0.7899,0.6133,
4.3667,2.9241,0.0000,0.0000,0.0000,-0.8454,0.5342,
4.3638,2.9180,0.0000,0.0000,0.0000,-0.8435,0.5372,
4.3610,2.9120,0.0000,0.0000,0.0000,-0.8418,0.5398,
4.3582,2.9059,0.0000,0.0000,0.0000,-0.8471,0.5314,
4.3553,2.8999,0.0000,0.0000,0.0000,-0.8418,0.5398,
4.3525,2.8938,0.0000,0.0000,0.0000,-0.8435,0.5372,
4.3497,2.8878,0.0000,0.0000,0.0000,-0.8454,0.5342,
4.3468,2.8817,0.0000,0.0000,0.0000,-0.8435,0.5372,
4.3440,2.8757,0.0000,0.0000,0.0000,-0.8454,0.5342,
4.3411,2.8696,0.0000,0.0000,0.0000,-0.8435,0.5372,
4.3383,2.8636,0.0000,0.0000,0.0000,-0.8418,0.5398,
4.3355,2.8575,0.0000,0.0000,0.0000,-0.8471,0.5314,
4.3326,2.8515,0.0000,0.0000,0.0000,-0.8418,0.5398,
4.3298,2.8454,0.0000,0.0000,0.0000,-0.8418,0.5398,
4.3270,2.8393,0.0000,0.0000,0.0000,-0.8471,0.5314,
4.3241,2.8333,0.0000,0.0000,0.0000,-0.8426,0.5385,
4.3185,2.8212,0.0000,0.0000,0.0000,-0.9491,0.3148,
4.3130,2.8171,0.0000,0.0000,0.0000,-0.9473,0.3203,
4.3075,2.8129,0.0000,0.0000,0.0000,-0.9491,0.3148,
4.3020,2.8088,0.0000,0.0000,0.0000,-0.9491,0.3148,
4.2965,2.8047,0.0000,0.0000,0.0000,-0.9477,0.3190,
4.2911,2.8006,0.0000,0.0000,0.0000,-0.9491,0.3148,
4.2856,2.7965,0.0000,0.0000,0.0000,-0.9473,0.3203,
4.2801,2.7923,0.0000,0.0000,0.0000,-0.9491,0.3148,
4.2746,2.7882,0.0000,0.0000,0.0000,-0.9491,0.3148,
4.2691,2.7841,0.0000,0.0000,0.0000,-0.9477,0.3190,
4.2637,2.7800,0.0000,0.0000,0.0000,-0.9473,0.3203,
4.2582,2.7758,0.0000,0.0000,0.0000,-0.9491,0.3148,
4.2527,2.7717,0.0000,0.0000,0.0000,-0.9491,0.3148,
4.2472,2.7676,0.0000,0.0000,0.0000,-0.9475,0.3197,
4.2363,2.7593,0.0000,0.0000,0.0000,-0.9809,0.1945,
4.2300,2.7567,0.0000,0.0000,0.0000,-0.9809,0.1945,
4.2237,2.7541,0.0000,0.0000,0.0000,-0.9809,0.1945,
4.2174,2.7515,0.0000,0.0000,0.0000,-0.9804,0.1972,
4.2112,2.7489,0.0000,0.0000,0.0000,-0.9809,0.1945,
4.2049,2.7463,0.0000,0.0000,0.0000,-0.9809,0.1945,
4.1986,2.7437,0.0000,0.0000,0.0000,-0.9809,0.1945,
4.1923,2.7411,0.0000,0.0000,0.0000,-0.9809,0.1945,
4.1860,2.7385,0.0000,0.0000,0.0000,-0.9804,0.1972,
4.1798,2.7359,0.0000,0.0000,0.0000,-0.9809,0.1945,
4.1735,2.7333,0.0000,0.0000,0.0000,-0.9809,0.1945,
4.1672,2.7307,0.0000,0.0000,0.0000,-0.9809,0.1945,
4.1609,2.7281,0.0000,0.0000,0.0000,-0.9809,0.1945,
4.1546,2.7255,0.0000,0.0000,0.0000,-0.9804,0.1972,
4.1484,2.7229,0.0000,0.0000,0.0000,-0.9809,0.1945,
4.1421,2.7203,0.0000,0.0000,0.0000,-0.9809,0.1945,
4.1358,2.7177,0.0000,0.0000,0.0000,-0.9809,0.1945,
4.1295,2.7151,0.0000,0.0000,0.0000,-0.9809,0.1945,
4.1232,2.7125,0.0000,0.0000,0.0000,-0.9809,0.1945,
4.1169,2.7099,0.0000,0.0000,0.0000,-0.9804,0.1972,
4.1107,2.7073,0.0000,0.0000,0.0000,-0.9809,0.1945,
4.1044,2.7047,0.0000,0.0000,0.0000,-0.9809,0.1945,
4.0918,2.6995,0.0000,0.0000,0.0000,-0.9852,0.1716,
4.0854,2.6972,0.0000,0.0000,0.0000,-0.9844,0.1759,
4.0789,2.6948,0.0000,0.0000,0.0000,-0.9844,0.1759,
4.0724,2.6924,0.0000,0.0000,0.0000,-0.9844,0.1759,
4.0659,2.6900,0.0000,0.0000,0.0000,-0.9840,0.1784,
4.0595,2.6876,0.0000,0.0000,0.0000,-0.9856,0.1692,
4.0530,2.6853,0.0000,0.0000,0.0000,-0.9844,0.1759,
4.0465,2.6829,0.0000,0.0000,0.0000,-0.9840,0.1784,
4.0401,2.6805,0.0000,0.0000,0.0000,-0.9844,0.1759,
4.0336,2.6781,0.0000,0.0000,0.0000,-0.9844,0.1759,
4.0271,2.6757,0.0000,0.0000,0.0000,-0.9856,0.1692,
4.0206,2.6734,0.0000,0.0000,0.0000,-0.9840,0.1784,
4.0142,2.6710,0.0000,0.0000,0.0000,-0.9844,0.1759,
4.0077,2.6686,0.0000,0.0000,0.0000,-0.9844,0.1759,
4.0012,2.6662,0.0000,0.0000,0.0000,-0.9848,0.1738,
3.9883,2.6615,0.0000,0.0000,0.0000,-1.0000,0.0075,
3.9816,2.6614,0.0000,0.0000,0.0000,-1.0000,0.0075,
3.9749,2.6613,0.0000,0.0000,0.0000,1.0000,0.0000,
3.9682,2.6613,0.0000,0.0000,0.0000,-1.0000,0.0075,
3.9615,2.6612,0.0000,0.0000,0.0000,-1.0000,0.0074,
3.9547,2.6611,0.0000,0.0000,0.0000,-1.0000,0.0075,
3.9480,2.6610,0.0000,0.0000,0.0000,1.0000,0.0000,
3.9413,2.6610,0.0000,0.0000,0.0000,-1.0000,0.0075,
3.9346,2.6609,0.0000,0.0000,0.0000,-1.0000,0.0075,
3.9279,2.6608,0.0000,0.0000,0.0000,-1.0000,0.0075,
3.9212,2.6607,0.0000,0.0000,0.0000,1.0000,0.0000,
3.9145,2.6607,0.0000,0.0000,0.0000,-1.0000,0.0075,
3.9078,2.6606,0.0000,0.0000,0.0000,-1.0000,0.0075,
3.9011,2.6605,0.0000,0.0000,0.0000,-1.0000,0.0075,
3.8944,2.6604,0.0000,0.0000,0.0000,1.0000,0.0000,
3.8877,2.6604,0.0000,0.0000,0.0000,-1.0000,0.0074,
3.8809,2.6603,0.0000,0.0000,0.0000,-1.0000,0.0075,
3.8742,2.6602,0.0000,0.0000,0.0000,-1.0000,0.0075,
3.8675,2.6601,0.0000,0.0000,0.0000,1.0000,0.0000,
3.8608,2.6601,0.0000,0.0000,0.0000,-1.0000,0.0075,
3.8541,2.6600,0.0000,0.0000,0.0000,-1.0000,0.0075,
3.8474,2.6599,0.0000,0.0000,0.0000,-1.0000,0.0075,
3.8407,2.6598,0.0000,0.0000,0.0000,1.0000,0.0000,
3.8340,2.6598,0.0000,0.0000,0.0000,-1.0000,0.0075,
3.8273,2.6597,0.0000,0.0000,0.0000,-1.0000,0.0075,
3.8206,2.6596,0.0000,0.0000,0.0000,-1.0000,0.0075,
3.8139,2.6595,0.0000,0.0000,0.0000,1.0000,0.0000,
3.8072,2.6595,0.0000,0.0000,0.0000,-1.0000,0.0074,
3.8004,2.6594,0.0000,0.0000,0.0000,-1.0000,0.0075,
3.7937,2.6593,0.0000,0.0000,0.0000,-1.0000,0.0075,
3.7870,2.6592,0.0000,0.0000,0.0000,1.0000,0.0000,
3.7803,2.6592,0.0000,0.0000,0.0000,-1.0000,0.0075,
3.7736,2.6591,0.0000,0.0000,0.0000,-1.0000,0.0075,
3.7669,2.6590,0.0000,0.0000,0.0000,-1.0000,0.0075,
3.7602,2.6589,0.0000,0.0000,0.0000,1.0000,0.0000,
3.7535,2.6589,0.0000,0.0000,0.0000,-1.0000,0.0075,
3.7468,2.6588,0.0000,0.0000,0.0000,-1.0000,0.0075,
3.7401,2.6587,0.0000,0.0000,0.0000,-1.0000,0.0075,
3.7334,2.6586,0.0000,0.0000,0.0000,1.0000,0.0000,
3.7267,2.6586,0.0000,0.0000,0.0000,-1.0000,0.0074,
3.7199,2.6585,0.0000,0.0000,0.0000,-1.0000,0.0075,
3.7132,2.6584,0.0000,0.0000,0.0000,-1.0000,0.0075,
3.7065,2.6583,0.0000,0.0000,0.0000,1.0000,0.0000,
3.6998,2.6583,0.0000,0.0000,0.0000,-1.0000,0.0075,
3.6931,2.6582,0.0000,0.0000,0.0000,-1.0000,0.0075,
3.6864,2.6581,0.0000,0.0000,0.0000,-1.0000,0.0075,
3.6797,2.6580,0.0000,0.0000,0.0000,1.0000,0.0000,
3.6730,2.6580,0.0000,0.0000,0.0000,-1.0000,0.0075,
3.6663,2.6579,0.0000,0.0000,0.0000,-1.0000,0.0075,
3.6596,2.6578,0.0000,0.0000,0.0000,-1.0000,0.0075,
3.6529,2.6577,0.0000,0.0000,0.0000,1.0000,0.0000,
3.6462,2.6577,0.0000,0.0000,0.0000,-1.0000,0.0074,
3.6394,2.6576,0.0000,0.0000,0.0000,-1.0000,0.0075,
3.6327,2.6575,0.0000,0.0000,0.0000,-1.0000,0.0075,
3.6260,2.6574,0.0000,0.0000,0.0000,1.0000,0.0000,
3.6193,2.6574,0.0000,0.0000,0.0000,-1.0000,0.0075,
3.6126,2.6573,0.0000,0.0000,0.0000,-1.0000,0.0075,
3.6059,2.6572,0.0000,0.0000,0.0000,-1.0000,0.0075,
3.5992,2.6571,0.0000,0.0000,0.0000,1.0000,0.0000,
3.5925,2.6571,0.0000,0.0000,0.0000,-1.0000,0.0075,
3.5858,2.6570,0.0000,0.0000,0.0000,-1.0000,0.0075,
3.5791,2.6569,0.0000,0.0000,0.0000,-1.0000,0.0075,
3.5724,2.6568,0.0000,0.0000,0.0000,1.0000,0.0000,
3.5657,2.6568,0.0000,0.0000,0.0000,-1.0000,0.0074,
3.5589,2.6567,0.0000,0.0000,0.0000,-1.0000,0.0075,
3.5522,2.6566,0.0000,0.0000,0.0000,-1.0000,0.0075,
3.5455,2.6565,0.0000,0.0000,0.0000,1.0000,0.0000,
3.5388,2.6565,0.0000,0.0000,0.0000,-1.0000,0.0075,
3.5321,2.6564,0.0000,0.0000,0.0000,-1.0000,0.0075,
3.5254,2.6563,0.0000,0.0000,0.0000,-1.0000,0.0075,
3.5187,2.6562,0.0000,0.0000,0.0000,1.0000,0.0000,
3.5120,2.6562,0.0000,0.0000,0.0000,-1.0000,0.0075,
3.5053,2.6561,0.0000,0.0000,0.0000,-1.0000,0.0075,
3.4986,2.6560,0.0000,0.0000,0.0000,-1.0000,0.0075,
3.4919,2.6559,0.0000,0.0000,0.0000,1.0000,0.0000,
3.4852,2.6559,0.0000,0.0000,0.0000,-1.0000,0.0074,
3.4784,2.6558,0.0000,0.0000,0.0000,-1.0000,0.0075,
3.4717,2.6557,0.0000,0.0000,0.0000,-1.0000,0.0075,
3.4650,2.6556,0.0000,0.0000,0.0000,1.0000,0.0000,
3.4583,2.6556,0.0000,0.0000,0.0000,-1.0000,0.0075,
3.4516,2.6555,0.0000,0.0000,0.0000,-1.0000,0.0075,
