2.8089,1.9566,0.0000,0.0000,0.0000,-0.7429,0.6694,
2.8082,1.9499,0.0000,0.0000,0.0000,-0.7435,0.6688,
2.8075,1.9433,0.0000,0.0000,0.0000,-0.7429,0.6694,
2.8068,1.9366,0.0000,0.0000,0.0000,-0.7429,0.6694,
2.8061,1.9299,0.0000,0.0000,0.0000,-0.7435,0.6688,
2.8054,1.9233,0.0000,0.0000,0.0000,-0.7429,0.6694,
2.8047,1.9166,0.0000,0.0000,0.0000,-0.7435,0.6688,
2.8040,1.9100,0.0000,0.0000,0.0000,-0.7429,0.6694,
2.8033,1.9033,0.0000,0.0000,0.0000,-0.7435,0.6688,
2.8026,1.8967,0.0000,0.0000,0.0000,-0.7429,0.6694,
2.8019,1.8900,0.0000,0.0000,0.0000,-0.7435,0.6688,
2.8012,1.8834,0.0000,0.0000,0.0000,-0.7429,0.6694,
2.8005,1.8767,0.0000,0.0000,0.0000,-0.7435,0.6688,
2.7998,1.8701,0.0000,0.0000,0.0000,-0.7429,0.6694,
2.7991,1.8634,0.0000,0.0000,0.0000,-0.7435,0.6688,
2.7984,1.8568,0.0000,0.0000,0.0000,-0.7429,0.6694,
2.7977,1.8501,0.0000,0.0000,0.0000,-0.7479,0.6639,
2.7969,1.8434,0.0000,0.0000,0.0000,-0.7435,0.6688,
2.7962,1.8368,0.0000,0.0000,0.0000,-0.7429,0.6694,
2.7955,1.8301,0.0000,0.0000,0.0000,-0.7435,0.6688,
2.7948,1.8235,0.0000,0.0000,0.0000,-0.7429,0.6694,
2.7941,1.8168,0.0000,0.0000,0.0000,-0.7435,0.6688,
2.7934,1.8102,0.0000,0.0000,0.0000,-0.7429,0.6694,
2.7927,1.8035,0.0000,0.0000,0.0000,-0.7435,0.6688,
2.7920,1.7969,0.0000,0.0000,0.0000,-0.7432,0.6691,
2.7906,1.7836,0.0000,0.0000,0.0000,-0.8047,0.5937,
2.7885,1.7768,0.0000,0.0000,0.0000,-0.8059,0.5920,
2.7864,1.7701,0.0000,0.0000,0.0000,-0.8007,0.5991,
2.7844,1.7633,0.0000,0.0000,0.0000,-0.8059,0.5920,
2.7823,1.7566,0.0000,0.0000,0.0000,-0.8047,0.5937,
2.7802,1.7498,0.0000,0.0000,0.0000,-0.8059,0.5920,
2.7781,1.7431,0.0000,0.0000,0.0000,-0.8047,0.5937,
2.7760,1.7363,0.0000,0.0000,0.0000,-0.8059,0.5920,
2.7739,1.7296,0.0000,0.0000,0.0000,-0.8047,0.5937,
2.7718,1.7228,0.0000,0.0000,0.0000,-0.8059,0.5920,
2.7697,1.7161,0.0000,0.0000,0.0000,-0.8047,0.5937,
2.7676,1.7093,0.0000,0.0000,0.0000,-0.8059,0.5920,
2.7655,1.7026,0.0000,0.0000,0.0000,-0.8047,0.5937,
2.7634,1.6958,0.0000,0.0000,0.0000,-0.8059,0.5920,
2.7613,1.6891,0.0000,0.0000,0.0000,-0.8053,0.5928,
2.7571,1.6756,0.0000,0.0000,0.0000,-0.8556,0.5177,
2.7538,1.6693,0.0000,0.0000,0.0000,-0.8605,0.5095,
2.7504,1.6631,0.0000,0.0000,0.0000,-0.8556,0.5177,
2.7471,1.6568,0.0000,0.0000,0.0000,-0.8573,0.5149,
2.7438,1.6506,0.0000,0.0000,0.0000,-0.8588,0.5124,
2.7404,1.6443,0.0000,0.0000,0.0000,-0.8573,0.5149,
2.7371,1.6381,0.0000,0.0000,0.0000,-0.8556,0.5177,
2.7338,1.6318,0.0000,0.0000,0.0000,-0.8605,0.5095,
2.7304,1.6256,0.0000,0.0000,0.0000,-0.8556,0.5177,
2.7271,1.6193,0.0000,0.0000,0.0000,-0.8573,0.5149,
2.7238,1.6131,0.0000,0.0000,0.0000,-0.8588,0.5124,
2.7204,1.6068,0.0000,0.0000,0.0000,-0.8573,0.5149,
2.7171,1.6006,0.0000,0.0000,0.0000,-0.8556,0.5177,
2.7138,1.5943,0.0000,0.0000,0.0000,-0.8573,0.5149,
2.7105,1.5881,0.0000,0.0000,0.0000,-0.8580,0.5136,
2.7038,1.5756,0.0000,0.0000,0.0000,-0.9295,0.3689,
2.6986,1.5707,0.0000,0.0000,0.0000,-0.9295,0.3689,
2.6934,1.5658,0.0000,0.0000,0.0000,-0.9295,0.3689,
2.6882,1.5609,0.0000,0.0000,0.0000,-0.9277,0.3734,
2.6831,1.5560,0.0000,0.0000,0.0000,-0.9295,0.3689,
2.6779,1.5511,0.0000,0.0000,0.0000,-0.9295,0.3689,
2.6727,1.5462,0.0000,0.0000,0.0000,-0.9295,0.3689,
2.6675,1.5413,0.0000,0.0000,0.0000,-0.9295,0.3689,
2.6623,1.5364,0.0000,0.0000,0.0000,-0.9295,0.3689,
2.6571,1.5315,0.0000,0.0000,0.0000,-0.9258,0.3781,
2.6520,1.5265,0.0000,0.0000,0.0000,-0.9295,0.3689,
2.6468,1.5216,0.0000,0.0000,0.0000,-0.9295,0.3689,
2.6364,1.5118,0.0000,0.0000,0.0000,-0.9782,0.2076,
2.6301,1.5090,0.0000,0.0000,0.0000,-0.9762,0.2170,
2.6239,1.5061,0.0000,0.0000,0.0000,-0.9768,0.2140,
2.6176,1.5032,0.0000,0.0000,0.0000,-0.9768,0.2140,
2.6113,1.5003,0.0000,0.0000,0.0000,-0.9782,0.2076,
2.6050,1.4975,0.0000,0.0000,0.0000,-0.9768,0.2140,
2.5987,1.4946,0.0000,0.0000,0.0000,-0.9768,0.2140,
2.5924,1.4917,0.0000,0.0000,0.0000,-0.9768,0.2140,
2.5861,1.4888,0.0000,0.0000,0.0000,-0.9776,0.2105,
2.5799,1.4860,0.0000,0.0000,0.0000,-0.9768,0.2140,
2.5736,1.4831,0.0000,0.0000,0.0000,-0.9768,0.2140,
2.5673,1.4802,0.0000,0.0000,0.0000,-0.9768,0.2140,
2.5610,1.4773,0.0000,0.0000,0.0000,-0.9782,0.2076,
2.5547,1.4745,0.0000,0.0000,0.0000,-0.9765,0.2155,
2.5422,1.4687,0.0000,0.0000,0.0000,-0.9982,0.0594,
2.5355,1.4679,0.0000,0.0000,0.0000,-0.9986,0.0520,
2.5288,1.4672,0.0000,0.0000,0.0000,-0.9982,0.0594,
2.5221,1.4664,0.0000,0.0000,0.0000,-0.9982,0.0594,
2.5154,1.4656,0.0000,0.0000,0.0000,-0.9982,0.0594,
2.5087,1.4648,0.0000,0.0000,0.0000,-0.9982,0.0603,
2.5021,1.4640,0.0000,0.0000,0.0000,-0.9986,0.0520,
2.4954,1.4633,0.0000,0.0000,0.0000,-0.9982,0.0594,
2.4887,1.4625,0.0000,0.0000,0.0000,-0.9982,0.0594,
2.4820,1.4617,0.0000,0.0000,0.0000,-0.9982,0.0594,
2.4753,1.4609,0.0000,0.0000,0.0000,-0.9986,0.0528,
2.4687,1.4602,0.0000,0.0000,0.0000,-0.9982,0.0594,
2.4620,1.4594,0.0000,0.0000,0.0000,-0.9982,0.0594,
2.4553,1.4586,0.0000,0.0000,0.0000,-0.9982,0.0594,
2.4486,1.4578,0.0000,0.0000,0.0000,-0.9982,0.0594,
2.4419,1.4570,0.0000,0.0000,0.0000,-0.9986,0.0528,
2.4353,1.4563,0.0000,0.0000,0.0000,-0.9982,0.0594,
2.4286,1.4555,0.0000,0.0000,0.0000,-0.9982,0.0594,
2.4219,1.4547,0.0000,0.0000,0.0000,-0.9982,0.0594,
