3.0639,3.2753,0.0000,0.0000,0.0000,0.6100,0.7924,
3.0657,3.2821,0.0000,0.0000,0.0000,0.6030,0.7978,
3.0676,3.2888,0.0000,0.0000,0.0000,0.6100,0.7924,
3.0694,3.2956,0.0000,0.0000,0.0000,0.6085,0.7936,
3.0712,3.3023,0.0000,0.0000,0.0000,0.6100,0.7924,
3.0730,3.3091,0.0000,0.0000,0.0000,0.6085,0.7936,
3.0748,3.3158,0.0000,0.0000,0.0000,0.6100,0.7924,
3.0766,3.3226,0.0000,0.0000,0.0000,0.6085,0.7936,
3.0784,3.3293,0.0000,0.0000,0.0000,0.6045,0.7966,
3.0803,3.3361,0.0000,0.0000,0.0000,0.6085,0.7936,
3.0821,3.3428,0.0000,0.0000,0.0000,0.6100,0.7924,
3.0839,3.3496,0.0000,0.0000,0.0000,0.6085,0.7936,
3.0857,3.3563,0.0000,0.0000,0.0000,0.6100,0.7924,
3.0875,3.3631,0.0000,0.0000,0.0000,0.6085,0.7936,
3.0893,3.3698,0.0000,0.0000,0.0000,0.6100,0.7924,
3.0911,3.3766,0.0000,0.0000,0.0000,0.6085,0.7936,
3.0929,3.3833,0.0000,0.0000,0.0000,0.6065,0.7951,
3.0966,3.3968,0.0000,0.0000,0.0000,0.4981,0.8671,
3.1001,3.4028,0.0000,0.0000,0.0000,0.4981,0.8671,
3.1036,3.4088,0.0000,0.0000,0.0000,0.4981,0.8671,
3.1071,3.4148,0.0000,0.0000,0.0000,0.4895,0.8720,
3.1107,3.4207,0.0000,0.0000,0.0000,0.4981,0.8671,
3.1142,3.4267,0.0000,0.0000,0.0000,0.4981,0.8671,
3.1177,3.4327,0.0000,0.0000,0.0000,0.4981,0.8671,
3.1212,3.4387,0.0000,0.0000,0.0000,0.4927,0.8702,
3.1248,3.4447,0.0000,0.0000,0.0000,0.4981,0.8671,
3.1283,3.4507,0.0000,0.0000,0.0000,0.4981,0.8671,
3.1318,3.4567,0.0000,0.0000,0.0000,0.4981,0.8671,
3.1353,3.4627,0.0000,0.0000,0.0000,0.4949,0.8690,
3.1388,3.4686,0.0000,0.0000,0.0000,0.4927,0.8702,
3.1424,3.4746,0.0000,0.0000,0.0000,0.4981,0.8671,
3.1494,3.4866,0.0000,0.0000,0.0000,0.3299,0.9440,
3.1548,3.4909,0.0000,0.0000,0.0000,0.3299,0.9440,
3.1602,3.4952,0.0000,0.0000,0.0000,0.3342,0.9425,
3.1655,3.4995,0.0000,0.0000,0.0000,0.3299,0.9440,
3.1709,3.5038,0.0000,0.0000,0.0000,0.3299,0.9440,
3.1763,3.5081,0.0000,0.0000,0.0000,0.3299,0.9440,
3.1817,3.5124,0.0000,0.0000,0.0000,0.3342,0.9425,
3.1870,3.5167,0.0000,0.0000,0.0000,0.3352,0.9421,
3.1924,3.5211,0.0000,0.0000,0.0000,0.3299,0.9440,
3.1978,3.5254,0.0000,0.0000,0.0000,0.3342,0.9425,
3.2031,3.5297,0.0000,0.0000,0.0000,0.3299,0.9440,
3.2085,3.5340,0.0000,0.0000,0.0000,0.3299,0.9440,
3.2139,3.5383,0.0000,0.0000,0.0000,0.3321,0.9433,
3.2246,3.5469,0.0000,0.0000,0.0000,0.2068,0.9784,
3.2307,3.5496,0.0000,0.0000,0.0000,0.2135,0.9769,
3.2368,3.5524,0.0000,0.0000,0.0000,0.2068,0.9784,
3.2429,3.5551,0.0000,0.0000,0.0000,0.2135,0.9769,
3.2490,3.5579,0.0000,0.0000,0.0000,0.2099,0.9777,
3.2550,3.5606,0.0000,0.0000,0.0000,0.2135,0.9769,
3.2611,3.5634,0.0000,0.0000,0.0000,0.2068,0.9784,
3.2672,3.5661,0.0000,0.0000,0.0000,0.2135,0.9769,
3.2733,3.5689,0.0000,0.0000,0.0000,0.2068,0.9784,
3.2794,3.5716,0.0000,0.0000,0.0000,0.2166,0.9763,
3.2854,3.5744,0.0000,0.0000,0.0000,0.2102,0.9777,
3.2976,3.5799,0.0000,0.0000,0.0000,0.0577,0.9983,
3.3045,3.5807,0.0000,0.0000,0.0000,0.0577,0.9983,
3.3114,3.5815,0.0000,0.0000,0.0000,0.0577,0.9983,
3.3183,3.5823,0.0000,0.0000,0.0000,0.0577,0.9983,
3.3252,3.5831,0.0000,0.0000,0.0000,0.0648,0.9979,
3.3321,3.5840,0.0000,0.0000,0.0000,0.0577,0.9983,
3.3390,3.5848,0.0000,0.0000,0.0000,0.0577,0.9983,
3.3459,3.5856,0.0000,0.0000,0.0000,0.0577,0.9983,
3.3528,3.5864,0.0000,0.0000,0.0000,0.0577,0.9983,
3.3597,3.5872,0.0000,0.0000,0.0000,0.0577,0.9983,
3.3666,3.5880,0.0000,0.0000,0.0000,0.0648,0.9979,
3.3735,3.5889,0.0000,0.0000,0.0000,0.0577,0.9983,
3.3804,3.5897,0.0000,0.0000,0.0000,0.0577,0.9983,
3.3873,3.5905,0.0000,0.0000,0.0000,0.0577,0.9983,
3.3942,3.5913,0.0000,0.0000,0.0000,0.0577,0.9983,
3.4011,3.5921,0.0000,0.0000,0.0000,0.0648,0.9979,
3.4080,3.5930,0.0000,0.0000,0.0000,0.0577,0.9983,
3.4149,3.5938,0.0000,0.0000,0.0000,0.0577,0.9983,
3.4218,3.5946,0.0000,0.0000,0.0000,0.0577,0.9983,
3.4287,3.5954,0.0000,0.0000,0.0000,0.0577,0.9983,
