3.4370,1.1960,0.0000,0.0000,0.0000,0.0018,1.0000,
3.4437,1.1960,0.0000,0.0000,0.0000,0.0018,1.0000,
3.4504,1.1960,0.0000,0.0000,0.0000,0.0018,1.0000,
3.4571,1.1961,0.0000,0.0000,0.0000,0.0018,1.0000,
3.4638,1.1961,0.0000,0.0000,0.0000,0.0018,1.0000,
3.4705,1.1961,0.0000,0.0000,0.0000,0.0018,1.0000,
3.4772,1.1961,0.0000,0.0000,0.0000,0.0018,1.0000,
3.4839,1.1962,0.0000,0.0000,0.0000,0.0018,1.0000,
3.4906,1.1962,0.0000,0.0000,0.0000,0.0018,1.0000,
3.4973,1.1962,0.0000,0.0000,0.0000,0.0018,1.0000,
3.5040,1.1962,0.0000,0.0000,0.0000,0.0018,1.0000,
3.5107,1.1962,0.0000,0.0000,0.0000,0.0018,1.0000,
3.5174,1.1963,0.0000,0.0000,0.0000,0.0018,1.0000,
3.5240,1.1963,0.0000,0.0000,0.0000,0.0018,1.0000,
3.5307,1.1963,0.0000,0.0000,0.0000,0.0018,1.0000,
3.5374,1.1963,0.0000,0.0000,0.0000,0.0018,1.0000,
3.5441,1.1964,0.0000,0.0000,0.0000,0.0018,1.0000,
3.5508,1.1964,0.0000,0.0000,0.0000,0.0018,1.0000,
3.5575,1.1964,0.0000,0.0000,0.0000,0.0018,1.0000,
3.5642,1.1964,0.0000,0.0000,0.0000,0.0018,1.0000,
3.5709,1.1965,0.0000,0.0000,0.0000,0.0018,1.0000,
3.5776,1.1965,0.0000,0.0000,0.0000,0.0018,1.0000,
3.5843,1.1965,0.0000,0.0000,0.0000,0.0018,1.0000,
3.5910,1.1965,0.0000,0.0000,0.0000,0.0018,1.0000,
3.5977,1.1966,0.0000,0.0000,0.0000,0.0018,1.0000,
3.6044,1.1966,0.0000,0.0000,0.0000,0.0018,1.0000,
3.6111,1.1966,0.0000,0.0000,0.0000,0.0018,1.0000,
3.6178,1.1966,0.0000,0.0000,0.0000,0.0018,1.0000,
3.6245,1.1967,0.0000,0.0000,0.0000,0.0018,1.0000,
3.6312,1.1967,0.0000,0.0000,0.0000,0.0018,1.0000,
3.6379,1.1967,0.0000,0.0000,0.0000,0.0018,1.0000,
3.6446,1.1967,0.0000,0.0000,0.0000,0.0018,1.0000,
3.6513,1.1968,0.0000,0.0000,0.0000,0.0018,1.0000,
3.6580,1.1968,0.0000,0.0000,0.0000,0.0018,1.0000,
3.6647,1.1968,0.0000,0.0000,0.0000,0.0018,1.0000,
3.6714,1.1968,0.0000,0.0000,0.0000,0.0018,1.0000,
3.6781,1.1968,0.0000,0.0000,0.0000,0.0018,1.0000,
3.6848,1.1969,0.0000,0.0000,0.0000,0.0018,1.0000,
3.6915,1.1969,0.0000,0.0000,0.0000,0.0018,1.0000,
3.6982,1.1969,0.0000,0.0000,0.0000,0.0018,1.0000,
3.7048,1.1969,0.0000,0.0000,0.0000,0.0018,1.0000,
3.7115,1.1970,0.0000,0.0000,0.0000,0.0018,1.0000,
3.7182,1.1970,0.0000,0.0000,0.0000,0.0018,1.0000,
3.7249,1.1970,0.0000,0.0000,0.0000,0.0018,1.0000,
3.7316,1.1970,0.0000,0.0000,0.0000,0.0018,1.0000,
3.7383,1.1971,0.0000,0.0000,0.0000,0.0018,1.0000,
3.7450,1.1971,0.0000,0.0000,0.0000,0.0018,1.0000,
3.7517,1.1971,0.0000,0.0000,0.0000,0.0018,1.0000,
3.7584,1.1971,0.0000,0.0000,0.0000,0.0018,1.0000,
3.7651,1.1972,0.0000,0.0000,0.0000,0.0018,1.0000,
3.7718,1.1972,0.0000,0.0000,0.0000,0.0018,1.0000,
3.7785,1.1972,0.0000,0.0000,0.0000,0.0018,1.0000,
3.7852,1.1972,0.0000,0.0000,0.0000,0.0018,1.0000,
3.7919,1.1973,0.0000,0.0000,0.0000,0.0018,1.0000,
3.7986,1.1973,0.0000,0.0000,0.0000,0.0018,1.0000,
3.8053,1.1973,0.0000,0.0000,0.0000,0.0018,1.0000,
3.8120,1.1973,0.0000,0.0000,0.0000,0.0018,1.0000,
3.8187,1.1973,0.0000,0.0000,0.0000,0.0018,1.0000,
3.8254,1.1974,0.0000,0.0000,0.0000,0.0018,1.0000,
3.8321,1.1974,0.0000,0.0000,0.0000,0.0018,1.0000,
3.8388,1.1974,0.0000,0.0000,0.0000,0.0018,1.0000,
3.8455,1.1974,0.0000,0.0000,0.0000,0.0018,1.0000,
3.8522,1.1975,0.0000,0.0000,0.0000,0.0018,1.0000,
3.8589,1.1975,0.0000,0.0000,0.0000,0.0018,1.0000,
3.8656,1.1975,0.0000,0.0000,0.0000,0.0018,1.0000,
3.8723,1.1975,0.0000,0.0000,0.0000,0.0018,1.0000,
3.8790,1.1976,0.0000,0.0000,0.0000,0.0018,1.0000,
3.8856,1.1976,0.0000,0.0000,0.0000,0.0018,1.0000,
3.8923,1.1976,0.0000,0.0000,0.0000,0.0018,1.0000,
3.8990,1.1976,0.0000,0.0000,0.0000,0.0018,1.0000,
3.9057,1.1977,0.0000,0.0000,0.0000,0.0018,1.0000,
3.9124,1.1977,0.0000,0.0000,0.0000,0.0018,1.0000,
3.9191,1.1977,0.0000,0.0000,0.0000,0.0018,1.0000,
3.9258,1.1977,0.0000,0.0000,0.0000,0.0018,1.0000,
3.9325,1.1978,0.0000,0.0000,0.0000,0.0018,1.0000,
3.9392,1.1978,0.0000,0.0000,0.0000,0.0018,1.0000,
3.9459,1.1978,0.0000,0.0000,0.0000,0.0018,1.0000,
3.9526,1.1978,0.0000,0.0000,0.0000,0.0018,1.0000,
3.9593,1.1979,0.0000,0.0000,0.0000,0.0018,1.0000,
3.9660,1.1979,0.0000,0.0000,0.0000,0.0018,1.0000,
3.9727,1.1979,0.0000,0.0000,0.0000,0.0018,1.0000,
3.9794,1.1979,0.0000,0.0000,0.0000,0.0018,1.0000,
3.9861,1.1979,0.0000,0.0000,0.0000,0.0018,1.0000,
3.9928,1.1980,0.0000,0.0000,0.0000,0.0018,1.0000,
3.9995,1.1980,0.0000,0.0000,0.0000,0.0018,1.0000,
4.0062,1.1980,0.0000,0.0000,0.0000,0.0018,1.0000,
4.0129,1.1980,0.0000,0.0000,0.0000,0.0018,1.0000,
4.0196,1.1981,0.0000,0.0000,0.0000,0.0018,1.0000,
4.0263,1.1981,0.0000,0.0000,0.0000,0.0018,1.0000,
4.0330,1.1981,0.0000,0.0000,0.0000,0.0018,1.0000,
4.0397,1.1981,0.0000,0.0000,0.0000,0.0018,1.0000,
4.0464,1.1982,0.0000,0.0000,0.0000,0.0018,1.0000,
4.0531,1.1982,0.0000,0.0000,0.0000,0.0018,1.0000,
4.0597,1.1982,0.0000,0.0000,0.0000,0.0018,1.0000,
4.0664,1.1982,0.0000,0.0000,0.0000,0.0018,1.0000,
4.0731,1.1983,0.0000,0.0000,0.0000,0.0018,1.0000,
4.0798,1.1983,0.0000,0.0000,0.0000,0.0018,1.0000,
4.0865,1.1983,0.0000,0.0000,0.0000,0.0018,1.0000,
4.0932,1.1983,0.0000,0.0000,0.0000,0.0018,1.0000,
4.0999,1.1984,0.0000,0.0000,0.0000,0.0018,1.0000,
4.1066,1.1984,0.0000,0.0000,0.0000,0.0018,1.0000,
4.1133,1.1984,0.0000,0.0000,0.0000,0.0018,1.0000,
4.1200,1.1984,0.0000,0.0000,0.0000,0.0018,1.0000,
4.1267,1.1984,0.0000,0.0000,0.0000,0.0018,1.0000,
4.1334,1.1985,0.0000,0.0000,0.0000,0.0018,1.0000,
4.1401,1.1985,0.0000,0.0000,0.0000,0.0018,1.0000,
4.1468,1.1985,0.0000,0.0000,0.0000,0.0018,1.0000,
4.1535,1.1985,0.0000,0.0000,0.0000,0.0018,1.0000,
4.1602,1.1986,0.0000,0.0000,0.0000,0.0018,1.0000,
4.1669,1.1986,0.0000,0.0000,0.0000,0.0018,1.0000,
4.1736,1.1986,0.0000,0.0000,0.0000,0.0018,1.0000,
4.1803,1.1986,0.0000,0.0000,0.0000,0.0018,1.0000,
4.1870,1.1987,0.0000,0.0000,0.0000,0.0018,1.0000,
4.1937,1.1987,0.0000,0.0000,0.0000,0.0018,1.0000,
4.2004,1.1987,0.0000,0.0000,0.0000,0.0018,1.0000,
4.2071,1.1987,0.0000,0.0000,0.0000,0.0018,1.0000,
4.2138,1.1988,0.0000,0.0000,0.0000,0.0018,1.0000,
4.2205,1.1988,0.0000,0.0000,0.0000,0.0018,1.0000,
4.2272,1.1988,0.0000,0.0000,0.0000,0.0018,1.0000,
4.2339,1.1988,0.0000,0.0000,0.0000,0.0018,1.0000,
4.2405,1.1989,0.0000,0.0000,0.0000,0.0018,1.0000,
4.2472,1.1989,0.0000,0.0000,0.0000,0.0018,1.0000,
4.2539,1.1989,0.0000,0.0000,0.0000,0.0018,1.0000,
4.2606,1.1989,0.0000,0.0000,0.0000,0.0018,1.0000,
4.2673,1.1989,0.0000,0.0000,0.0000,0.0018,1.0000,
4.2740,1.1990,0.0000,0.0000,0.0000,0.0018,1.0000,
4.2807,1.1990,0.0000,0.0000,0.0000,0.0018,1.0000,
4.2874,1.1990,0.0000,0.0000,0.0000,0.0018,1.0000,
4.2941,1.1990,0.0000,0.0000,0.0000,0.0018,1.0000,
4.3008,1.1991,0.0000,0.0000,0.0000,0.0018,1.0000,
4.3075,1.1991,0.0000,0.0000,0.0000,0.0018,1.0000,
4.3142,1.1991,0.0000,0.0000,0.0000,0.0018,1.0000,
4.3209,1.1991,0.0000,0.0000,0.0000,0.0018,1.0000,
4.3276,1.1992,0.0000,0.0000,0.0000,0.0018,1.0000,
4.3343,1.1992,0.0000,0.0000,0.0000,0.0018,1.0000,
4.3410,1.1992,0.0000,0.0000,0.0000,0.0018,1.0000,
4.3477,1.1992,0.0000,0.0000,0.0000,0.0018,1.0000,
4.3544,1.1993,0.0000,0.0000,0.0000,0.0018,1.0000,
4.3611,1.1993,0.0000,0.0000,0.0000,0.0018,1.0000,
4.3678,1.1993,0.0000,0.0000,0.0000,0.0018,1.0000,
4.3745,1.1993,0.0000,0.0000,0.0000,0.0018,1.0000,
4.3812,1.1994,0.0000,0.0000,0.0000,0.0018,1.0000,
4.3879,1.1994,0.0000,0.0000,0.0000,0.0018,1.0000,
4.3946,1.1994,0.0000,0.0000,0.0000,0.0018,1.0000,
4.4013,1.1994,0.0000,0.0000,0.0000,0.0018,1.0000,
4.4080,1.1995,0.0000,0.0000,0.0000,0.0018,1.0000,
4.4147,1.1995,0.0000,0.0000,0.0000,0.0018,1.0000,
4.4213,1.1995,0.0000,0.0000,0.0000,0.0018,1.0000,
4.4280,1.1995,0.0000,0.0000,0.0000,0.0018,1.0000,
4.4347,1.1995,0.0000,0.0000,0.0000,0.0018,1.0000,
4.4414,1.1996,0.0000,0.0000,0.0000,0.0018,1.0000,
4.4481,1.1996,0.0000,0.0000,0.0000,0.0018,1.0000,
4.4548,1.1996,0.0000,0.0000,0.0000,0.0018,1.0000,
4.4615,1.1996,0.0000,0.0000,0.0000,0.0018,1.0000,
4.4682,1.1997,0.0000,0.0000,0.0000,0.0018,1.0000,
4.4749,1.1997,0.0000,0.0000,0.0000,0.0018,1.0000,
4.4816,1.1997,0.0000,0.0000,0.0000,0.0018,1.0000,
4.4950,1.1998,0.0000,0.0000,0.0000,0.1019,0.9948,
4.5016,1.2011,0.0000,0.0000,0.0000,0.1019,0.9948,
4.5082,1.2025,0.0000,0.0000,0.0000,0.1019,0.9948,
4.5148,1.2039,0.0000,0.0000,0.0000,0.1019,0.9948,
4.5214,1.2052,0.0000,0.0000,0.0000,0.1019,0.9948,
4.5280,1.2066,0.0000,0.0000,0.0000,0.1019,0.9948,
4.5345,1.2079,0.0000,0.0000,0.0000,0.1019,0.9948,
4.5411,1.2093,0.0000,0.0000,0.0000,0.1019,0.9948,
4.5477,1.2107,0.0000,0.0000,0.0000,0.1019,0.9948,
4.5543,1.2120,0.0000,0.0000,0.0000,0.1019,0.9948,
4.5609,1.2134,0.0000,0.0000,0.0000,0.1019,0.9948,
4.5675,1.2148,0.0000,0.0000,0.0000,0.1019,0.9948,
4.5741,1.2161,0.0000,0.0000,0.0000,0.1019,0.9948,
4.5807,1.2175,0.0000,0.0000,0.0000,0.1019,0.9948,
4.5873,1.2189,0.0000,0.0000,0.0000,0.1019,0.9948,
4.6004,1.2216,0.0000,0.0000,0.0000,0.1958,0.9806,
4.6068,1.2242,0.0000,0.0000,0.0000,0.1958,0.9806,
4.6132,1.2269,0.0000,0.0000,0.0000,0.1958,0.9806,
4.6196,1.2295,0.0000,0.0000,0.0000,0.1958,0.9806,
4.6260,1.2322,0.0000,0.0000,0.0000,0.1958,0.9806,
4.6323,1.2349,0.0000,0.0000,0.0000,0.1958,0.9806,
4.6387,1.2375,0.0000,0.0000,0.0000,0.1958,0.9806,
4.6451,1.2402,0.0000,0.0000,0.0000,0.1958,0.9806,
4.6515,1.2428,0.0000,0.0000,0.0000,0.1958,0.9806,
4.6579,1.2455,0.0000,0.0000,0.0000,0.1958,0.9806,
4.6642,1.2481,0.0000,0.0000,0.0000,0.1958,0.9806,
4.6706,1.2508,0.0000,0.0000,0.0000,0.1958,0.9806,
4.6770,1.2534,0.0000,0.0000,0.0000,0.1958,0.9806,
4.6834,1.2561,0.0000,0.0000,0.0000,0.1958,0.9806,
4.6897,1.2587,0.0000,0.0000,0.0000,0.1958,0.9806,
4.6961,1.2614,0.0000,0.0000,0.0000,0.1958,0.9806,
4.7025,1.2640,0.0000,0.0000,0.0000,0.1958,0.9806,
4.7089,1.2667,0.0000,0.0000,0.0000,0.1958,0.9806,
4.7153,1.2693,0.0000,0.0000,0.0000,0.1958,0.9806,
4.7216,1.2720,0.0000,0.0000,0.0000,0.1958,0.9806,
4.7344,1.2773,0.0000,0.0000,0.0000,0.3252,0.9456,
4.7398,1.2815,0.0000,0.0000,0.0000,0.3252,0.9456,
4.7451,1.2857,0.0000,0.0000,0.0000,0.3252,0.9456,
4.7505,1.2898,0.0000,0.0000,0.0000,0.3252,0.9456,
4.7559,1.2940,0.0000,0.0000,0.0000,0.3252,0.9456,
4.7612,1.2982,0.0000,0.0000,0.0000,0.3252,0.9456,
4.7666,1.3024,0.0000,0.0000,0.0000,0.3252,0.9456,
4.7720,1.3066,0.0000,0.0000,0.0000,0.3252,0.9456,
4.7773,1.3108,0.0000,0.0000,0.0000,0.3252,0.9456,
4.7827,1.3150,0.0000,0.0000,0.0000,0.3252,0.9456,
4.7880,1.3192,0.0000,0.0000,0.0000,0.3252,0.9456,
4.7934,1.3233,0.0000,0.0000,0.0000,0.3252,0.9456,
4.7988,1.3275,0.0000,0.0000,0.0000,0.3252,0.9456,
4.8041,1.3317,0.0000,0.0000,0.0000,0.3252,0.9456,
4.8095,1.3359,0.0000,0.0000,0.0000,0.3252,0.9456,
4.8149,1.3401,0.0000,0.0000,0.0000,0.3252,0.9456,
4.8202,1.3443,0.0000,0.0000,0.0000,0.3252,0.9456,
4.8310,1.3526,0.0000,0.0000,0.0000,0.4499,0.8931,
4.8351,1.3583,0.0000,0.0000,0.0000,0.4499,0.8931,
4.8393,1.3639,0.0000,0.0000,0.0000,0.4499,0.8931,
4.8434,1.3695,0.0000,0.0000,0.0000,0.4499,0.8931,
4.8476,1.3751,0.0000,0.0000,0.0000,0.4499,0.8931,
4.8518,1.3807,0.0000,0.0000,0.0000,0.4499,0.8931,
4.8559,1.3863,0.0000,0.0000,0.0000,0.4499,0.8931,
4.8601,1.3919,0.0000,0.0000,0.0000,0.4499,0.8931,
4.8642,1.3975,0.0000,0.0000,0.0000,0.4499,0.8931,
4.8684,1.4032,0.0000,0.0000,0.0000,0.4499,0.8931,
4.8726,1.4088,0.0000,0.0000,0.0000,0.4499,0.8931,
4.8767,1.4144,0.0000,0.0000,0.0000,0.4499,0.8931,
4.8809,1.4200,0.0000,0.0000,0.0000,0.4499,0.8931,
4.8850,1.4256,0.0000,0.0000,0.0000,0.4499,0.8931,
4.8892,1.4312,0.0000,0.0000,0.0000,0.4499,0.8931,
4.8933,1.4368,0.0000,0.0000,0.0000,0.4499,0.8931,
4.8975,1.4424,0.0000,0.0000,0.0000,0.4499,0.8931,
4.9017,1.4481,0.0000,0.0000,0.0000,0.4499,0.8931,
4.9058,1.4537,0.0000,0.0000,0.0000,0.4499,0.8931,
4.9141,1.4649,0.0000,0.0000,0.0000,0.6064,0.7951,
4.9159,1.4714,0.0000,0.0000,0.0000,0.6064,0.7951,
4.9177,1.4779,0.0000,0.0000,0.0000,0.6064,0.7951,
4.9195,1.4844,0.0000,0.0000,0.0000,0.6064,0.7951,
4.9213,1.4909,0.0000,0.0000,0.0000,0.6064,0.7951,
4.9230,1.4974,0.0000,0.0000,0.0000,0.6064,0.7951,
4.9248,1.5038,0.0000,0.0000,0.0000,0.6064,0.7951,
4.9266,1.5103,0.0000,0.0000,0.0000,0.6064,0.7951,
4.9284,1.5168,0.0000,0.0000,0.0000,0.6064,0.7951,
4.9302,1.5233,0.0000,0.0000,0.0000,0.6064,0.7951,
4.9319,1.5298,0.0000,0.0000,0.0000,0.6064,0.7951,
4.9337,1.5363,0.0000,0.0000,0.0000,0.6064,0.7951,
4.9355,1.5428,0.0000,0.0000,0.0000,0.6064,0.7951,
4.9373,1.5493,0.0000,0.0000,0.0000,0.6064,0.7951,
4.9391,1.5558,0.0000,0.0000,0.0000,0.6064,0.7951,
4.9408,1.5623,0.0000,0.0000,0.0000,0.6064,0.7951,
4.9426,1.5688,0.0000,0.0000,0.0000,0.6064,0.7951,
4.9444,1.5753,0.0000,0.0000,0.0000,0.6064,0.7951,
4.9462,1.5818,0.0000,0.0000,0.0000,0.6064,0.7951,
4.9480,1.5883,0.0000,0.0000,0.0000,0.6064,0.7951,
4.9497,1.5947,0.0000,0.0000,0.0000,0.6064,0.7951,
4.9515,1.6012,0.0000,0.0000,0.0000,0.6064,0.7951,
4.9551,1.6142,0.0000,0.0000,0.0000,0.6943,0.7197,
4.9553,1.6209,0.0000,0.0000,0.0000,0.6943,0.7197,
4.9556,1.6276,0.0000,0.0000,0.0000,0.6943,0.7197,
4.9558,1.6343,0.0000,0.0000,0.0000,0.6943,0.7197,
4.9560,1.6410,0.0000,0.0000,0.0000,0.6943,0.7197,
4.9563,1.6476,0.0000,0.0000,0.0000,0.6943,0.7197,
4.9565,1.6543,0.0000,0.0000,0.0000,0.6943,0.7197,
4.9568,1.6610,0.0000,0.0000,0.0000,0.6943,0.7197,
4.9570,1.6677,0.0000,0.0000,0.0000,0.6943,0.7197,
4.9573,1.6744,0.0000,0.0000,0.0000,0.6943,0.7197,
4.9575,1.6811,0.0000,0.0000,0.0000,0.6943,0.7197,
4.9577,1.6877,0.0000,0.0000,0.0000,0.6943,0.7197,
4.9580,1.6944,0.0000,0.0000,0.0000,0.6943,0.7197,
4.9582,1.7011,0.0000,0.0000,0.0000,0.6943,0.7197,
4.9585,1.7078,0.0000,0.0000,0.0000,0.6943,0.7197,
4.9587,1.7145,0.0000,0.0000,0.0000,0.6943,0.7197,
4.9589,1.7212,0.0000,0.0000,0.0000,0.6943,0.7197,
4.9592,1.7278,0.0000,0.0000,0.0000,0.6943,0.7197,
4.9594,1.7345,0.0000,0.0000,0.0000,0.6943,0.7197,
4.9597,1.7412,0.0000,0.0000,0.0000,0.6943,0.7197,
4.9599,1.7479,0.0000,0.0000,0.0000,0.6943,0.7197,
4.9601,1.7546,0.0000,0.0000,0.0000,0.6943,0.7197,
4.9604,1.7613,0.0000,0.0000,0.0000,0.6943,0.7197,
4.9606,1.7680,0.0000,0.0000,0.0000,0.6943,0.7197,
4.9609,1.7746,0.0000,0.0000,0.0000,0.6943,0.7197,
4.9611,1.7813,0.0000,0.0000,0.0000,0.6943,0.7197,
4.9613,1.7880,0.0000,0.0000,0.0000,0.6943,0.7197,
4.9616,1.7947,0.0000,0.0000,0.0000,0.6943,0.7197,
4.9618,1.8014,0.0000,0.0000,0.0000,0.6943,0.7197,
4.9621,1.8081,0.0000,0.0000,0.0000,0.6943,0.7197,
4.9623,1.8147,0.0000,0.0000,0.0000,0.6943,0.7197,
4.9626,1.8214,0.0000,0.0000,0.0000,0.6943,0.7197,
4.9630,1.8348,0.0000,0.0000,0.0000,0.7053,0.7089,
4.9631,1.8415,0.0000,0.0000,0.0000,0.7053,0.7089,
4.9631,1.8481,0.0000,0.0000,0.0000,0.7053,0.7089,
4.9631,1.8548,0.0000,0.0000,0.0000,0.7053,0.7089,
4.9632,1.8615,0.0000,0.0000,0.0000,0.7053,0.7089,
4.9632,1.8682,0.0000,0.0000,0.0000,0.7053,0.7089,
4.9632,1.8748,0.0000,0.0000,0.0000,0.7053,0.7089,
4.9633,1.8815,0.0000,0.0000,0.0000,0.7053,0.7089,
4.9633,1.8882,0.0000,0.0000,0.0000,0.7053,0.7089,
4.9633,1.8949,0.0000,0.0000,0.0000,0.7053,0.7089,
4.9634,1.9015,0.0000,0.0000,0.0000,0.7053,0.7089,
4.9634,1.9082,0.0000,0.0000,0.0000,0.7053,0.7089,
4.9634,1.9149,0.0000,0.0000,0.0000,0.7053,0.7089,
4.9635,1.9216,0.0000,0.0000,0.0000,0.7053,0.7089,
4.9635,1.9282,0.0000,0.0000,0.0000,0.7053,0.7089,
4.9635,1.9349,0.0000,0.0000,0.0000,0.7053,0.7089,
4.9636,1.9416,0.0000,0.0000,0.0000,0.7053,0.7089,
4.9636,1.9482,0.0000,0.0000,0.0000,0.7053,0.7089,
4.9636,1.9549,0.0000,0.0000,0.0000,0.7053,0.7089,
4.9637,1.9616,0.0000,0.0000,0.0000,0.7053,0.7089,
4.9637,1.9683,0.0000,0.0000,0.0000,0.7053,0.7089,
4.9637,1.9749,0.0000,0.0000,0.0000,0.7053,0.7089,
4.9638,1.9816,0.0000,0.0000,0.0000,0.7053,0.7089,
4.9638,1.9883,0.0000,0.0000,0.0000,0.7053,0.7089,
4.9638,1.9950,0.0000,0.0000,0.0000,0.7053,0.7089,
4.9639,2.0016,0.0000,0.0000,0.0000,0.7053,0.7089,
4.9639,2.0083,0.0000,0.0000,0.0000,0.7053,0.7089,
4.9639,2.0150,0.0000,0.0000,0.0000,0.7053,0.7089,
4.9640,2.0217,0.0000,0.0000,0.0000,0.7053,0.7089,
4.9640,2.0283,0.0000,0.0000,0.0000,0.7053,0.7089,
4.9640,2.0350,0.0000,0.0000,0.0000,0.7053,0.7089,
4.9641,2.0417,0.0000,0.0000,0.0000,0.7053,0.7089,
4.9641,2.0484,0.0000,0.0000,0.0000,0.7053,0.7089,
4.9641,2.0550,0.0000,0.0000,0.0000,0.7053,0.7089,
4.9642,2.0617,0.0000,0.0000,0.0000,0.7053,0.7089,
4.9642,2.0684,0.0000,0.0000,0.0000,0.7053,0.7089,
4.9642,2.0750,0.0000,0.0000,0.0000,0.7053,0.7089,
4.9643,2.0817,0.0000,0.0000,0.0000,0.7053,0.7089,
4.9643,2.0884,0.0000,0.0000,0.0000,0.7053,0.7089,
4.9643,2.0951,0.0000,0.0000,0.0000,0.7053,0.7089,
4.9644,2.1017,0.0000,0.0000,0.0000,0.7053,0.7089,
4.9644,2.1084,0.0000,0.0000,0.0000,0.7053,0.7089,
4.9644,2.1151,0.0000,0.0000,0.0000,0.7053,0.7089,
4.9645,2.1218,0.0000,0.0000,0.0000,0.7053,0.7089,
4.9645,2.1284,0.0000,0.0000,0.0000,0.7053,0.7089,
4.9645,2.1351,0.0000,0.0000,0.0000,0.7053,0.7089,
4.9646,2.1418,0.0000,0.0000,0.0000,0.7053,0.7089,
4.9646,2.1485,0.0000,0.0000,0.0000,0.7053,0.7089,
4.9646,2.1551,0.0000,0.0000,0.0000,0.7053,0.7089,
4.9647,2.1618,0.0000,0.0000,0.0000,0.7053,0.7089,
4.9647,2.1685,0.0000,0.0000,0.0000,0.7053,0.7089,
4.9647,2.1752,0.0000,0.0000,0.0000,0.7053,0.7089,
4.9648,2.1818,0.0000,0.0000,0.0000,0.7053,0.7089,
4.9648,2.1885,0.0000,0.0000,0.0000,0.7053,0.7089,
4.9648,2.1952,0.0000,0.0000,0.0000,0.7053,0.7089,
4.9649,2.2018,0.0000,0.0000,0.0000,0.7053,0.7089,
4.9649,2.2085,0.0000,0.0000,0.0000,0.7053,0.7089,
4.9649,2.2152,0.0000,0.0000,0.0000,0.7053,0.7089,
4.9650,2.2219,0.0000,0.0000,0.0000,0.7053,0.7089,
4.9650,2.2285,0.0000,0.0000,0.0000,0.7053,0.7089,
4.9650,2.2352,0.0000,0.0000,0.0000,0.7053,0.7089,
4.9651,2.2419,0.0000,0.0000,0.0000,0.7053,0.7089,
4.9651,2.2486,0.0000,0.0000,0.0000,0.7053,0.7089,
4.9651,2.2552,0.0000,0.0000,0.0000,0.7053,0.7089,
4.9652,2.2619,0.0000,0.0000,0.0000,0.7053,0.7089,
4.9652,2.2686,0.0000,0.0000,0.0000,0.7053,0.7089,
4.9652,2.2753,0.0000,0.0000,0.0000,0.7053,0.7089,
4.9653,2.2819,0.0000,0.0000,0.0000,0.7053,0.7089,
4.9653,2.2886,0.0000,0.0000,0.0000,0.7053,0.7089,
4.9653,2.2953,0.0000,0.0000,0.0000,0.7053,0.7089,
4.9654,2.3020,0.0000,0.0000,0.0000,0.7053,0.7089,
4.9654,2.3086,0.0000,0.0000,0.0000,0.7053,0.7089,
4.9654,2.3153,0.0000,0.0000,0.0000,0.7053,0.7089,
4.9655,2.3220,0.0000,0.0000,0.0000,0.7053,0.7089,
4.9655,2.3287,0.0000,0.0000,0.0000,0.7053,0.7089,
4.9655,2.3353,0.0000,0.0000,0.0000,0.7053,0.7089,
4.9656,2.3420,0.0000,0.0000,0.0000,0.7053,0.7089,
4.9656,2.3487,0.0000,0.0000,0.0000,0.7053,0.7089,
4.9656,2.3553,0.0000,0.0000,0.0000,0.7053,0.7089,
4.9657,2.3620,0.0000,0.0000,0.0000,0.7053,0.7089,
4.9657,2.3687,0.0000,0.0000,0.0000,0.7053,0.7089,
4.9657,2.3754,0.0000,0.0000,0.0000,0.7053,0.7089,
4.9658,2.3820,0.0000,0.0000,0.0000,0.7053,0.7089,
4.9658,2.3887,0.0000,0.0000,0.0000,0.7053,0.7089,
4.9658,2.3954,0.0000,0.0000,0.0000,0.7053,0.7089,
4.9659,2.4021,0.0000,0.0000,0.0000,0.7053,0.7089,
4.9659,2.4087,0.0000,0.0000,0.0000,0.7053,0.7089,
4.9659,2.4154,0.0000,0.0000,0.0000,0.7053,0.7089,
4.9660,2.4221,0.0000,0.0000,0.0000,0.7053,0.7089,
4.9660,2.4288,0.0000,0.0000,0.0000,0.7053,0.7089,
4.9660,2.4354,0.0000,0.0000,0.0000,0.7053,0.7089,
4.9661,2.4421,0.0000,0.0000,0.0000,0.7053,0.7089,
4.9661,2.4488,0.0000,0.0000,0.0000,0.7053,0.7089,
4.9661,2.4555,0.0000,0.0000,0.0000,0.7053,0.7089,
4.9662,2.4621,0.0000,0.0000,0.0000,0.7053,0.7089,
4.9662,2.4688,0.0000,0.0000,0.0000,0.7053,0.7089,
4.9662,2.4755,0.0000,0.0000,0.0000,0.7053,0.7089,
4.9663,2.4821,0.0000,0.0000,0.0000,0.7053,0.7089,
4.9663,2.4888,0.0000,0.0000,0.0000,0.7053,0.7089,
4.9663,2.4955,0.0000,0.0000,0.0000,0.7053,0.7089,
4.9664,2.5022,0.0000,0.0000,0.0000,0.7053,0.7089,
4.9664,2.5088,0.0000,0.0000,0.0000,0.7053,0.7089,
4.9664,2.5155,0.0000,0.0000,0.0000,0.7053,0.7089,
4.9665,2.5222,0.0000,0.0000,0.0000,0.7053,0.7089,
4.9665,2.5289,0.0000,0.0000,0.0000,0.7053,0.7089,
4.9665,2.5355,0.0000,0.0000,0.0000,0.7053,0.7089,
4.9666,2.5422,0.0000,0.0000,0.0000,0.7053,0.7089,
4.9666,2.5489,0.0000,0.0000,0.0000,0.7053,0.7089,
4.9666,2.5556,0.0000,0.0000,0.0000,0.7053,0.7089,
4.9667,2.5622,0.0000,0.0000,0.0000,0.7053,0.7089,
4.9667,2.5689,0.0000,0.0000,0.0000,0.7053,0.7089,
4.9667,2.5756,0.0000,0.0000,0.0000,0.7053,0.7089,
4.9668,2.5823,0.0000,0.0000,0.0000,0.7053,0.7089,
4.9668,2.5889,0.0000,0.0000,0.0000,0.7053,0.7089,
4.9668,2.5956,0.0000,0.0000,0.0000,0.7053,0.7089,
4.9669,2.6023,0.0000,0.0000,0.0000,0.7053,0.7089,
4.9669,2.6089,0.0000,0.0000,0.0000,0.7053,0.7089,
4.9669,2.6156,0.0000,0.0000,0.0000,0.7053,0.7089,
4.9670,2.6223,0.0000,0.0000,0.0000,0.7053,0.7089,
4.9670,2.6290,0.0000,0.0000,0.0000,0.7053,0.7089,
4.9670,2.6356,0.0000,0.0000,0.0000,0.7053,0.7089,
4.9671,2.6423,0.0000,0.0000,0.0000,0.7053,0.7089,
4.9671,2.6490,0.0000,0.0000,0.0000,0.7053,0.7089,
4.9671,2.6557,0.0000,0.0000,0.0000,0.7053,0.7089,
4.9672,2.6623,0.0000,0.0000,0.0000,0.7053,0.7089,
4.9672,2.6690,0.0000,0.0000,0.0000,0.7053,0.7089,
4.9672,2.6757,0.0000,0.0000,0.0000,0.7053,0.7089,
4.9673,2.6824,0.0000,0.0000,0.0000,0.7053,0.7089,
4.9673,2.6890,0.0000,0.0000,0.0000,0.7053,0.7089,
4.9673,2.6957,0.0000,0.0000,0.0000,0.7053,0.7089,
4.9674,2.7024,0.0000,0.0000,0.0000,0.7053,0.7089,
4.9674,2.7091,0.0000,0.0000,0.0000,0.7053,0.7089,
4.9674,2.7157,0.0000,0.0000,0.0000,0.7053,0.7089,
4.9675,2.7224,0.0000,0.0000,0.0000,0.7053,0.7089,
4.9675,2.7291,0.0000,0.0000,0.0000,0.7053,0.7089,
4.9675,2.7357,0.0000,0.0000,0.0000,0.7053,0.7089,
4.9676,2.7424,0.0000,0.0000,0.0000,0.7053,0.7089,
4.9676,2.7491,0.0000,0.0000,0.0000,0.7053,0.7089,
4.9676,2.7558,0.0000,0.0000,0.0000,0.7053,0.7089,
4.9677,2.7624,0.0000,0.0000,0.0000,0.7053,0.7089,
4.9677,2.7691,0.0000,0.0000,0.0000,0.7053,0.7089,
4.9677,2.7758,0.0000,0.0000,0.0000,0.7053,0.7089,
4.9678,2.7825,0.0000,0.0000,0.0000,0.7053,0.7089,
4.9678,2.7891,0.0000,0.0000,0.0000,0.7053,0.7089,
4.9678,2.7958,0.0000,0.0000,0.0000,0.7053,0.7089,
4.9679,2.8025,0.0000,0.0000,0.0000,0.7053,0.7089,
4.9679,2.8092,0.0000,0.0000,0.0000,0.7053,0.7089,
4.9679,2.8158,0.0000,0.0000,0.0000,0.7053,0.7089,
4.9680,2.8225,0.0000,0.0000,0.0000,0.7053,0.7089,
4.9680,2.8292,0.0000,0.0000,0.0000,0.7053,0.7089,
4.9680,2.8359,0.0000,0.0000,0.0000,0.7053,0.7089,
4.9681,2.8425,0.0000,0.0000,0.0000,0.7053,0.7089,
4.9681,2.8492,0.0000,0.0000,0.0000,0.7053,0.7089,
4.9681,2.8559,0.0000,0.0000,0.0000,0.7053,0.7089,
4.9682,2.8625,0.0000,0.0000,0.0000,0.7053,0.7089,
4.9682,2.8692,0.0000,0.0000,0.0000,0.7053,0.7089,
4.9682,2.8759,0.0000,0.0000,0.0000,0.7053,0.7089,
4.9683,2.8826,0.0000,0.0000,0.0000,0.7053,0.7089,
4.9683,2.8892,0.0000,0.0000,0.0000,0.7053,0.7089,
4.9683,2.8959,0.0000,0.0000,0.0000,0.7053,0.7089,
4.9684,2.9026,0.0000,0.0000,0.0000,0.7053,0.7089,
4.9684,2.9093,0.0000,0.0000,0.0000,0.7053,0.7089,
4.9684,2.9159,0.0000,0.0000,0.0000,0.7053,0.7089,
4.9685,2.9226,0.0000,0.0000,0.0000,0.7053,0.7089,
4.9685,2.9293,0.0000,0.0000,0.0000,0.7053,0.7089,
4.9685,2.9360,0.0000,0.0000,0.0000,0.7053,0.7089,
4.9686,2.9426,0.0000,0.0000,0.0000,0.7053,0.7089,
4.9686,2.9493,0.0000,0.0000,0.0000,0.7053,0.7089,
4.9686,2.9560,0.0000,0.0000,0.0000,0.7053,0.7089,
4.9687,2.9627,0.0000,0.0000,0.0000,0.7053,0.7089,
4.9687,2.9693,0.0000,0.0000,0.0000,0.7053,0.7089,
4.9687,2.9760,0.0000,0.0000,0.0000,0.7053,0.7089,
4.9688,2.9827,0.0000,0.0000,0.0000,0.7053,0.7089,
4.9688,2.9894,0.0000,0.0000,0.0000,0.7053,0.7089,
4.9688,2.9960,0.0000,0.0000,0.0000,0.7053,0.7089,
4.9689,3.0027,0.0000,0.0000,0.0000,0.7053,0.7089,
4.9689,3.0094,0.0000,0.0000,0.0000,0.7053,0.7089,
4.9689,3.0160,0.0000,0.0000,0.0000,0.7053,0.7089,
4.9690,3.0227,0.0000,0.0000,0.0000,0.7053,0.7089,
4.9690,3.0294,0.0000,0.0000,0.0000,0.7053,0.7089,
4.9690,3.0361,0.0000,0.0000,0.0000,0.7053,0.7089,
4.9691,3.0427,0.0000,0.0000,0.0000,0.7053,0.7089,
4.9691,3.0494,0.0000,0.0000,0.0000,0.7053,0.7089,
4.9691,3.0561,0.0000,0.0000,0.0000,0.7053,0.7089,
4.9692,3.0628,0.0000,0.0000,0.0000,0.7053,0.7089,
4.9692,3.0694,0.0000,0.0000,0.0000,0.7053,0.7089,
4.9692,3.0761,0.0000,0.0000,0.0000,0.7053,0.7089,
4.9693,3.0828,0.0000,0.0000,0.0000,0.7053,0.7089,
4.9693,3.0895,0.0000,0.0000,0.0000,0.7053,0.7089,
4.9693,3.0961,0.0000,0.0000,0.0000,0.7053,0.7089,
4.9694,3.1028,0.0000,0.0000,0.0000,0.7053,0.7089,
4.9694,3.1095,0.0000,0.0000,0.0000,0.7053,0.7089,
4.9694,3.1162,0.0000,0.0000,0.0000,0.7053,0.7089,
4.9695,3.1228,0.0000,0.0000,0.0000,0.7053,0.7089,
4.9695,3.1295,0.0000,0.0000,0.0000,0.7053,0.7089,
4.9695,3.1362,0.0000,0.0000,0.0000,0.7053,0.7089,
4.9696,3.1428,0.0000,0.0000,0.0000,0.7053,0.7089,
4.9696,3.1495,0.0000,0.0000,0.0000,0.7053,0.7089,
4.9696,3.1562,0.0000,0.0000,0.0000,0.7053,0.7089,
4.9697,3.1629,0.0000,0.0000,0.0000,0.7053,0.7089,
4.9697,3.1695,0.0000,0.0000,0.0000,0.7053,0.7089,
4.9697,3.1762,0.0000,0.0000,0.0000,0.7053,0.7089,
4.9698,3.1829,0.0000,0.0000,0.0000,0.7053,0.7089,
4.9698,3.1896,0.0000,0.0000,0.0000,0.7053,0.7089,
4.9698,3.1962,0.0000,0.0000,0.0000,0.7053,0.7089,
4.9699,3.2029,0.0000,0.0000,0.0000,0.7053,0.7089,
4.9699,3.2096,0.0000,0.0000,0.0000,0.7053,0.7089,
4.9699,3.2163,0.0000,0.0000,0.0000,0.7053,0.7089,
4.9700,3.2229,0.0000,0.0000,0.0000,0.7053,0.7089,
4.9700,3.2296,0.0000,0.0000,0.0000,0.7053,0.7089,
4.9700,3.2363,0.0000,0.0000,0.0000,0.7053,0.7089,
4.9701,3.2430,0.0000,0.0000,0.0000,0.7053,0.7089,
4.9701,3.2496,0.0000,0.0000,0.0000,0.7053,0.7089,
4.9701,3.2563,0.0000,0.0000,0.0000,0.7053,0.7089,
4.9702,3.2630,0.0000,0.0000,0.0000,0.7053,0.7089,
4.9702,3.2696,0.0000,0.0000,0.0000,0.7053,0.7089,
4.9702,3.2763,0.0000,0.0000,0.0000,0.7053,0.7089,
4.9703,3.2830,0.0000,0.0000,0.0000,0.7053,0.7089,
4.9703,3.2897,0.0000,0.0000,0.0000,0.7053,0.7089,
4.9703,3.2963,0.0000,0.0000,0.0000,0.7053,0.7089,
4.9704,3.3030,0.0000,0.0000,0.0000,0.7053,0.7089,
4.9704,3.3097,0.0000,0.0000,0.0000,0.7053,0.7089,
4.9704,3.3164,0.0000,0.0000,0.0000,0.7053,0.7089,
4.9705,3.3230,0.0000,0.0000,0.0000,0.7053,0.7089,
4.9705,3.3297,0.0000,0.0000,0.0000,0.7053,0.7089,
4.9705,3.3364,0.0000,0.0000,0.0000,0.7053,0.7089,
4.9706,3.3431,0.0000,0.0000,0.0000,0.7053,0.7089,
4.9706,3.3497,0.0000,0.0000,0.0000,0.7053,0.7089,
4.9706,3.3564,0.0000,0.0000,0.0000,0.7053,0.7089,
4.9707,3.3631,0.0000,0.0000,0.0000,0.7053,0.7089,
4.9707,3.3698,0.0000,0.0000,0.0000,0.7053,0.7089,
4.9707,3.3764,0.0000,0.0000,0.0000,0.7053,0.7089,
4.9708,3.3898,0.0000,0.0000,0.0000,0.7881,0.6155,
4.9691,3.3967,0.0000,0.0000,0.0000,0.7881,0.6155,
4.9674,3.4036,0.0000,0.0000,0.0000,0.7881,0.6155,
4.9656,3.4105,0.0000,0.0000,0.0000,0.7881,0.6155,
4.9639,3.4174,0.0000,0.0000,0.0000,0.7881,0.6155,
4.9622,3.4243,0.0000,0.0000,0.0000,0.7881,0.6155,
4.9605,3.4312,0.0000,0.0000,0.0000,0.7881,0.6155,
4.9588,3.4381,0.0000,0.0000,0.0000,0.7881,0.6155,
4.9570,3.4450,0.0000,0.0000,0.0000,0.7881,0.6155,
4.9553,3.4519,0.0000,0.0000,0.0000,0.7881,0.6155,
4.9536,3.4588,0.0000,0.0000,0.0000,0.7881,0.6155,
4.9501,3.4725,0.0000,0.0000,0.0000,0.8009,0.5988,
4.9482,3.4791,0.0000,0.0000,0.0000,0.8009,0.5988,
4.9462,3.4857,0.0000,0.0000,0.0000,0.8009,0.5988,
4.9443,3.4923,0.0000,0.0000,0.0000,0.8009,0.5988,
4.9424,3.4989,0.0000,0.0000,0.0000,0.8009,0.5988,
4.9404,3.5055,0.0000,0.0000,0.0000,0.8009,0.5988,
4.9385,3.5121,0.0000,0.0000,0.0000,0.8009,0.5988,
4.9365,3.5187,0.0000,0.0000,0.0000,0.8009,0.5988,
4.9346,3.5253,0.0000,0.0000,0.0000,0.8009,0.5988,
4.9326,3.5319,0.0000,0.0000,0.0000,0.8009,0.5988,
4.9307,3.5385,0.0000,0.0000,0.0000,0.8009,0.5988,
4.9287,3.5451,0.0000,0.0000,0.0000,0.8009,0.5988,
4.9268,3.5517,0.0000,0.0000,0.0000,0.8009,0.5988,
4.9248,3.5583,0.0000,0.0000,0.0000,0.8009,0.5988,
4.9229,3.5650,0.0000,0.0000,0.0000,0.8009,0.5988,
4.9210,3.5716,0.0000,0.0000,0.0000,0.8009,0.5988,
4.9190,3.5782,0.0000,0.0000,0.0000,0.8009,0.5988,
4.9151,3.5914,0.0000,0.0000,0.0000,0.8733,0.4872,
4.9115,3.5972,0.0000,0.0000,0.0000,0.8733,0.4872,
4.9079,3.6030,0.0000,0.0000,0.0000,0.8733,0.4872,
4.9044,3.6088,0.0000,0.0000,0.0000,0.8733,0.4872,
4.9008,3.6146,0.0000,0.0000,0.0000,0.8733,0.4872,
4.8972,3.6204,0.0000,0.0000,0.0000,0.8733,0.4872,
4.8936,3.6262,0.0000,0.0000,0.0000,0.8733,0.4872,
4.8900,3.6320,0.0000,0.0000,0.0000,0.8733,0.4872,
4.8865,3.6378,0.0000,0.0000,0.0000,0.8733,0.4872,
4.8829,3.6436,0.0000,0.0000,0.0000,0.8733,0.4872,
4.8793,3.6494,0.0000,0.0000,0.0000,0.8733,0.4872,
4.8757,3.6552,0.0000,0.0000,0.0000,0.8733,0.4872,
4.8721,3.6610,0.0000,0.0000,0.0000,0.8733,0.4872,
4.8685,3.6668,0.0000,0.0000,0.0000,0.8733,0.4872,
4.8650,3.6726,0.0000,0.0000,0.0000,0.8733,0.4872,
4.8614,3.6784,0.0000,0.0000,0.0000,0.8733,0.4872,
4.8578,3.6842,0.0000,0.0000,0.0000,0.8733,0.4872,
4.8506,3.6958,0.0000,0.0000,0.0000,0.9540,0.2999,
4.8449,3.6998,0.0000,0.0000,0.0000,0.9540,0.2999,
4.8393,3.7037,0.0000,0.0000,0.0000,0.9540,0.2999,
4.8336,3.7077,0.0000,0.0000,0.0000,0.9540,0.2999,
4.8279,3.7116,0.0000,0.0000,0.0000,0.9540,0.2999,
4.8223,3.7156,0.0000,0.0000,0.0000,0.9540,0.2999,
4.8166,3.7196,0.0000,0.0000,0.0000,0.9540,0.2999,
4.8109,3.7235,0.0000,0.0000,0.0000,0.9540,0.2999,
4.8052,3.7275,0.0000,0.0000,0.0000,0.9540,0.2999,
4.7996,3.7314,0.0000,0.0000,0.0000,0.9540,0.2999,
4.7939,3.7354,0.0000,0.0000,0.0000,0.9540,0.2999,
4.7882,3.7393,0.0000,0.0000,0.0000,0.9540,0.2999,
4.7826,3.7433,0.0000,0.0000,0.0000,0.9540,0.2999,
4.7769,3.7473,0.0000,0.0000,0.0000,0.9540,0.2999,
4.7712,3.7512,0.0000,0.0000,0.0000,0.9540,0.2999,
4.7656,3.7552,0.0000,0.0000,0.0000,0.9540,0.2999,
4.7599,3.7591,0.0000,0.0000,0.0000,0.9540,0.2999,
4.7542,3.7631,0.0000,0.0000,0.0000,0.9540,0.2999,
4.7485,3.7670,0.0000,0.0000,0.0000,0.9540,0.2999,
4.7429,3.7710,0.0000,0.0000,0.0000,0.9540,0.2999,
4.7372,3.7750,0.0000,0.0000,0.0000,0.9540,0.2999,
4.7315,3.7789,0.0000,0.0000,0.0000,0.9540,0.2999,
4.7202,3.7868,0.0000,0.0000,0.0000,0.9921,0.1256,
4.7137,3.7885,0.0000,0.0000,0.0000,0.9921,0.1256,
4.7072,3.7902,0.0000,0.0000,0.0000,0.9921,0.1256,
4.7007,3.7918,0.0000,0.0000,0.0000,0.9921,0.1256,
4.6942,3.7935,0.0000,0.0000,0.0000,0.9921,0.1256,
4.6877,3.7952,0.0000,0.0000,0.0000,0.9921,0.1256,
4.6812,3.7969,0.0000,0.0000,0.0000,0.9921,0.1256,
4.6747,3.7985,0.0000,0.0000,0.0000,0.9921,0.1256,
4.6681,3.8002,0.0000,0.0000,0.0000,0.9921,0.1256,
4.6616,3.8019,0.0000,0.0000,0.0000,0.9921,0.1256,
4.6551,3.8036,0.0000,0.0000,0.0000,0.9921,0.1256,
4.6486,3.8052,0.0000,0.0000,0.0000,0.9921,0.1256,
4.6421,3.8069,0.0000,0.0000,0.0000,0.9921,0.1256,
4.6356,3.8086,0.0000,0.0000,0.0000,0.9921,0.1256,
4.6291,3.8103,0.0000,0.0000,0.0000,0.9921,0.1256,
4.6226,3.8119,0.0000,0.0000,0.0000,0.9921,0.1256,
4.6161,3.8136,0.0000,0.0000,0.0000,0.9921,0.1256,
4.6096,3.8153,0.0000,0.0000,0.0000,0.9921,0.1256,
4.6031,3.8170,0.0000,0.0000,0.0000,0.9921,0.1256,
4.5966,3.8186,0.0000,0.0000,0.0000,0.9921,0.1256,
4.5901,3.8203,0.0000,0.0000,0.0000,0.9921,0.1256,
4.5771,3.8237,0.0000,0.0000,0.0000,0.9980,0.0638,
4.5703,3.8245,0.0000,0.0000,0.0000,0.9980,0.0638,
4.5636,3.8254,0.0000,0.0000,0.0000,0.9980,0.0638,
4.5568,3.8263,0.0000,0.0000,0.0000,0.9980,0.0638,
4.5500,3.8271,0.0000,0.0000,0.0000,0.9980,0.0638,
4.5433,3.8280,0.0000,0.0000,0.0000,0.9980,0.0638,
4.5365,3.8289,0.0000,0.0000,0.0000,0.9980,0.0638,
4.5297,3.8297,0.0000,0.0000,0.0000,0.9980,0.0638,
4.5230,3.8306,0.0000,0.0000,0.0000,0.9980,0.0638,
4.5162,3.8315,0.0000,0.0000,0.0000,0.9980,0.0638,
4.5094,3.8323,0.0000,0.0000,0.0000,0.9980,0.0638,
4.5027,3.8332,0.0000,0.0000,0.0000,0.9980,0.0638,
4.4959,3.8341,0.0000,0.0000,0.0000,0.9980,0.0638,
4.4892,3.8349,0.0000,0.0000,0.0000,0.9980,0.0638,
4.4824,3.8358,0.0000,0.0000,0.0000,0.9980,0.0638,
4.4756,3.8367,0.0000,0.0000,0.0000,0.9980,0.0638,
4.4689,3.8375,0.0000,0.0000,0.0000,0.9980,0.0638,
4.4621,3.8384,0.0000,0.0000,0.0000,0.9980,0.0638,
4.4553,3.8393,0.0000,0.0000,0.0000,0.9980,0.0638,
4.4486,3.8402,0.0000,0.0000,0.0000,0.9980,0.0638,
4.4418,3.8410,0.0000,0.0000,0.0000,0.9980,0.0638,
4.4351,3.8419,0.0000,0.0000,0.0000,0.9980,0.0638,
4.4283,3.8428,0.0000,0.0000,0.0000,0.9980,0.0638,
4.4215,3.8436,0.0000,0.0000,0.0000,0.9980,0.0638,
4.4148,3.8445,0.0000,0.0000,0.0000,0.9980,0.0638,
4.4080,3.8454,0.0000,0.0000,0.0000,0.9980,0.0638,
4.4012,3.8462,0.0000,0.0000,0.0000,0.9980,0.0638,
4.3945,3.8471,0.0000,0.0000,0.0000,0.9980,0.0638,
4.3877,3.8480,0.0000,0.0000,0.0000,0.9980,0.0638,
4.3809,3.8488,0.0000,0.0000,0.0000,0.9980,0.0638,
4.3742,3.8497,0.0000,0.0000,0.0000,0.9980,0.0638,
4.3674,3.8506,0.0000,0.0000,0.0000,0.9980,0.0638,
4.3607,3.8514,0.0000,0.0000,0.0000,0.9980,0.0638,
4.3539,3.8523,0.0000,0.0000,0.0000,0.9980,0.0638,
4.3471,3.8532,0.0000,0.0000,0.0000,0.9980,0.0638,
4.3404,3.8540,0.0000,0.0000,0.0000,0.9980,0.0638,
4.3268,3.8558,0.0000,0.0000,0.0000,1.0000,0.0064,
4.3202,3.8559,0.0000,0.0000,0.0000,1.0000,0.0064,
4.3135,3.8560,0.0000,0.0000,0.0000,1.0000,0.0064,
4.3068,3.8560,0.0000,0.0000,0.0000,1.0000,0.0064,
4.3002,3.8561,0.0000,0.0000,0.0000,1.0000,0.0064,
4.2935,3.8562,0.0000,0.0000,0.0000,1.0000,0.0064,
4.2868,3.8563,0.0000,0.0000,0.0000,1.0000,0.0064,
4.2802,3.8564,0.0000,0.0000,0.0000,1.0000,0.0064,
4.2735,3.8565,0.0000,0.0000,0.0000,1.0000,0.0064,
4.2668,3.8566,0.0000,0.0000,0.0000,1.0000,0.0064,
4.2602,3.8566,0.0000,0.0000,0.0000,1.0000,0.0064,
4.2535,3.8567,0.0000,0.0000,0.0000,1.0000,0.0064,
4.2468,3.8568,0.0000,0.0000,0.0000,1.0000,0.0064,
4.2402,3.8569,0.0000,0.0000,0.0000,1.0000,0.0064,
4.2335,3.8570,0.0000,0.0000,0.0000,1.0000,0.0064,
4.2268,3.8571,0.0000,0.0000,0.0000,1.0000,0.0064,
4.2202,3.8571,0.0000,0.0000,0.0000,1.0000,0.0064,
4.2135,3.8572,0.0000,0.0000,0.0000,1.0000,0.0064,
4.2068,3.8573,0.0000,0.0000,0.0000,1.0000,0.0064,
4.2002,3.8574,0.0000,0.0000,0.0000,1.0000,0.0064,
4.1935,3.8575,0.0000,0.0000,0.0000,1.0000,0.0064,
4.1868,3.8576,0.0000,0.0000,0.0000,1.0000,0.0064,
4.1802,3.8577,0.0000,0.0000,0.0000,1.0000,0.0064,
4.1735,3.8577,0.0000,0.0000,0.0000,1.0000,0.0064,
4.1668,3.8578,0.0000,0.0000,0.0000,1.0000,0.0064,
4.1602,3.8579,0.0000,0.0000,0.0000,1.0000,0.0064,
4.1535,3.8580,0.0000,0.0000,0.0000,1.0000,0.0064,
4.1468,3.8581,0.0000,0.0000,0.0000,1.0000,0.0064,
4.1402,3.8582,0.0000,0.0000,0.0000,1.0000,0.0064,
4.1335,3.8583,0.0000,0.0000,0.0000,1.0000,0.0064,
4.1268,3.8583,0.0000,0.0000,0.0000,1.0000,0.0064,
4.1202,3.8584,0.0000,0.0000,0.0000,1.0000,0.0064,
4.1135,3.8585,0.0000,0.0000,0.0000,1.0000,0.0064,
4.1068,3.8586,0.0000,0.0000,0.0000,1.0000,0.0064,
4.1001,3.8587,0.0000,0.0000,0.0000,1.0000,0.0064,
4.0935,3.8588,0.0000,0.0000,0.0000,1.0000,0.0064,
4.0868,3.8589,0.0000,0.0000,0.0000,1.0000,0.0064,
4.0801,3.8589,0.0000,0.0000,0.0000,1.0000,0.0064,
4.0735,3.8590,0.0000,0.0000,0.0000,1.0000,0.0064,
4.0668,3.8591,0.0000,0.0000,0.0000,1.0000,0.0064,
4.0601,3.8592,0.0000,0.0000,0.0000,1.0000,0.0064,
4.0535,3.8593,0.0000,0.0000,0.0000,1.0000,0.0064,
4.0468,3.8594,0.0000,0.0000,0.0000,1.0000,0.0064,
4.0401,3.8595,0.0000,0.0000,0.0000,1.0000,0.0064,
4.0335,3.8595,0.0000,0.0000,0.0000,1.0000,0.0064,
4.0268,3.8596,0.0000,0.0000,0.0000,1.0000,0.0064,
4.0201,3.8597,0.0000,0.0000,0.0000,1.0000,0.0064,
4.0135,3.8598,0.0000,0.0000,0.0000,1.0000,0.0064,
4.0068,3.8599,0.0000,0.0000,0.0000,1.0000,0.0064,
4.0001,3.8600,0.0000,0.0000,0.0000,1.0000,0.0064,
3.9935,3.8600,0.0000,0.0000,0.0000,1.0000,0.0064,
3.9868,3.8601,0.0000,0.0000,0.0000,1.0000,0.0064,
3.9801,3.8602,0.0000,0.0000,0.0000,1.0000,0.0064,
3.9735,3.8603,0.0000,0.0000,0.0000,1.0000,0.0064,
3.9668,3.8604,0.0000,0.0000,0.0000,1.0000,0.0064,
3.9601,3.8605,0.0000,0.0000,0.0000,1.0000,0.0064,
3.9535,3.8606,0.0000,0.0000,0.0000,1.0000,0.0064,
3.9468,3.8606,0.0000,0.0000,0.0000,1.0000,0.0064,
3.9401,3.8607,0.0000,0.0000,0.0000,1.0000,0.0064,
3.9335,3.8608,0.0000,0.0000,0.0000,1.0000,0.0064,
3.9268,3.8609,0.0000,0.0000,0.0000,1.0000,0.0064,
3.9201,3.8610,0.0000,0.0000,0.0000,1.0000,0.0064,
3.9135,3.8611,0.0000,0.0000,0.0000,1.0000,0.0064,
3.9068,3.8612,0.0000,0.0000,0.0000,1.0000,0.0064,
3.9001,3.8612,0.0000,0.0000,0.0000,1.0000,0.0064,
3.8935,3.8613,0.0000,0.0000,0.0000,1.0000,0.0064,
3.8868,3.8614,0.0000,0.0000,0.0000,1.0000,0.0064,
3.8801,3.8615,0.0000,0.0000,0.0000,1.0000,0.0064,
3.8735,3.8616,0.0000,0.0000,0.0000,1.0000,0.0064,
3.8668,3.8617,0.0000,0.0000,0.0000,1.0000,0.0064,
3.8601,3.8618,0.0000,0.0000,0.0000,1.0000,0.0064,
3.8535,3.8618,0.0000,0.0000,0.0000,1.0000,0.0064,
3.8468,3.8619,0.0000,0.0000,0.0000,1.0000,0.0064,
3.8401,3.8620,0.0000,0.0000,0.0000,1.0000,0.0064,
3.8335,3.8621,0.0000,0.0000,0.0000,1.0000,0.0064,
3.8268,3.8622,0.0000,0.0000,0.0000,1.0000,0.0064,
3.8201,3.8623,0.0000,0.0000,0.0000,1.0000,0.0064,
3.8135,3.8624,0.0000,0.0000,0.0000,1.0000,0.0064,
3.8068,3.8624,0.0000,0.0000,0.0000,1.0000,0.0064,
3.8001,3.8625,0.0000,0.0000,0.0000,1.0000,0.0064,
3.7935,3.8626,0.0000,0.0000,0.0000,1.0000,0.0064,
3.7868,3.8627,0.0000,0.0000,0.0000,1.0000,0.0064,
3.7801,3.8628,0.0000,0.0000,0.0000,1.0000,0.0064,
3.7735,3.8629,0.0000,0.0000,0.0000,1.0000,0.0064,
3.7668,3.8629,0.0000,0.0000,0.0000,1.0000,0.0064,
3.7601,3.8630,0.0000,0.0000,0.0000,1.0000,0.0064,
3.7534,3.8631,0.0000,0.0000,0.0000,1.0000,0.0064,
3.7468,3.8632,0.0000,0.0000,0.0000,1.0000,0.0064,
3.7401,3.8633,0.0000,0.0000,0.0000,1.0000,0.0064,
3.7334,3.8634,0.0000,0.0000,0.0000,1.0000,0.0064,
3.7268,3.8635,0.0000,0.0000,0.0000,1.0000,0.0064,
3.7201,3.8635,0.0000,0.0000,0.0000,1.0000,0.0064,
3.7134,3.8636,0.0000,0.0000,0.0000,1.0000,0.0064,
3.7068,3.8637,0.0000,0.0000,0.0000,1.0000,0.0064,
3.7001,3.8638,0.0000,0.0000,0.0000,1.0000,0.0064,
3.6934,3.8639,0.0000,0.0000,0.0000,1.0000,0.0064,
3.6868,3.8640,0.0000,0.0000,0.0000,1.0000,0.0064,
3.6801,3.8641,0.0000,0.0000,0.0000,1.0000,0.0064,
3.6734,3.8641,0.0000,0.0000,0.0000,1.0000,0.0064,
3.6668,3.8642,0.0000,0.0000,0.0000,1.0000,0.0064,
3.6601,3.8643,0.0000,0.0000,0.0000,1.0000,0.0064,
3.6534,3.8644,0.0000,0.0000,0.0000,1.0000,0.0064,
3.6468,3.8645,0.0000,0.0000,0.0000,1.0000,0.0064,
3.6401,3.8646,0.0000,0.0000,0.0000,1.0000,0.0064,
3.6334,3.8647,0.0000,0.0000,0.0000,1.0000,0.0064,
3.6268,3.8647,0.0000,0.0000,0.0000,1.0000,0.0064,
3.6201,3.8648,0.0000,0.0000,0.0000,1.0000,0.0064,
3.6134,3.8649,0.0000,0.0000,0.0000,1.0000,0.0064,
3.6068,3.8650,0.0000,0.0000,0.0000,1.0000,0.0064,
3.6001,3.8651,0.0000,0.0000,0.0000,1.0000,0.0064,
3.5934,3.8652,0.0000,0.0000,0.0000,1.0000,0.0064,
3.5868,3.8653,0.0000,0.0000,0.0000,1.0000,0.0064,
3.5801,3.8653,0.0000,0.0000,0.0000,1.0000,0.0064,
3.5734,3.8654,0.0000,0.0000,0.0000,1.0000,0.0064,
3.5668,3.8655,0.0000,0.0000,0.0000,1.0000,0.0064,
3.5601,3.8656,0.0000,0.0000,0.0000,1.0000,0.0064,
3.5534,3.8657,0.0000,0.0000,0.0000,1.0000,0.0064,
3.5468,3.8658,0.0000,0.0000,0.0000,1.0000,0.0064,
3.5401,3.8658,0.0000,0.0000,0.0000,1.0000,0.0064,
3.5334,3.8659,0.0000,0.0000,0.0000,1.0000,0.0064,
3.5268,3.8660,0.0000,0.0000,0.0000,1.0000,0.0064,
3.5201,3.8661,0.0000,0.0000,0.0000,1.0000,0.0064,
3.5134,3.8662,0.0000,0.0000,0.0000,1.0000,0.0064,
3.5068,3.8663,0.0000,0.0000,0.0000,1.0000,0.0064,
3.5001,3.8664,0.0000,0.0000,0.0000,1.0000,0.0064,
3.4934,3.8664,0.0000,0.0000,0.0000,1.0000,0.0064,
3.4868,3.8665,0.0000,0.0000,0.0000,1.0000,0.0064,
3.4801,3.8666,0.0000,0.0000,0.0000,1.0000,0.0064,
3.4734,3.8667,0.0000,0.0000,0.0000,1.0000,0.0064,
3.4668,3.8668,0.0000,0.0000,0.0000,1.0000,0.0064,
3.4601,3.8669,0.0000,0.0000,0.0000,1.0000,0.0064,
3.4534,3.8670,0.0000,0.0000,0.0000,1.0000,0.0064,
3.4468,3.8670,0.0000,0.0000,0.0000,1.0000,0.0064,
3.4401,3.8671,0.0000,0.0000,0.0000,1.0000,0.0064,
3.4334,3.8672,0.0000,0.0000,0.0000,1.0000,0.0064,
3.4267,3.8673,0.0000,0.0000,0.0000,1.0000,0.0064,
3.4201,3.8674,0.0000,0.0000,0.0000,1.0000,0.0064,
3.4134,3.8675,0.0000,0.0000,0.0000,1.0000,0.0064,
3.4067,3.8676,0.0000,0.0000,0.0000,1.0000,0.0064,
3.4001,3.8676,0.0000,0.0000,0.0000,1.0000,0.0064,
3.3934,3.8677,0.0000,0.0000,0.0000,1.0000,0.0064,
3.3867,3.8678,0.0000,0.0000,0.0000,1.0000,0.0064,
3.3801,3.8679,0.0000,0.0000,0.0000,1.0000,0.0064,
3.3734,3.8680,0.0000,0.0000,0.0000,1.0000,0.0064,
3.3667,3.8681,0.0000,0.0000,0.0000,1.0000,0.0064,
3.3601,3.8682,0.0000,0.0000,0.0000,1.0000,0.0064,
3.3534,3.8682,0.0000,0.0000,0.0000,1.0000,0.0064,
3.3467,3.8683,0.0000,0.0000,0.0000,1.0000,0.0064,
3.3401,3.8684,0.0000,0.0000,0.0000,1.0000,0.0064,
3.3334,3.8685,0.0000,0.0000,0.0000,1.0000,0.0064,
3.3267,3.8686,0.0000,0.0000,0.0000,1.0000,0.0064,
3.3201,3.8687,0.0000,0.0000,0.0000,1.0000,0.0064,
3.3134,3.8687,0.0000,0.0000,0.0000,1.0000,0.0064,
3.3067,3.8688,0.0000,0.0000,0.0000,1.0000,0.0064,
3.3001,3.8689,0.0000,0.0000,0.0000,1.0000,0.0064,
3.2934,3.8690,0.0000,0.0000,0.0000,1.0000,0.0064,
3.2867,3.8691,0.0000,0.0000,0.0000,1.0000,0.0064,
3.2801,3.8692,0.0000,0.0000,0.0000,1.0000,0.0064,
3.2734,3.8693,0.0000,0.0000,0.0000,1.0000,0.0064,
3.2667,3.8693,0.0000,0.0000,0.0000,1.0000,0.0064,
3.2601,3.8694,0.0000,0.0000,0.0000,1.0000,0.0064,
3.2534,3.8695,0.0000,0.0000,0.0000,1.0000,0.0064,
3.2467,3.8696,0.0000,0.0000,0.0000,1.0000,0.0064,
3.2401,3.8697,0.0000,0.0000,0.0000,1.0000,0.0064,
3.2334,3.8698,0.0000,0.0000,0.0000,1.0000,0.0064,
3.2267,3.8699,0.0000,0.0000,0.0000,1.0000,0.0064,
3.2201,3.8699,0.0000,0.0000,0.0000,1.0000,0.0064,
3.2134,3.8700,0.0000,0.0000,0.0000,1.0000,0.0064,
3.2067,3.8701,0.0000,0.0000,0.0000,1.0000,0.0064,
3.2001,3.8702,0.0000,0.0000,0.0000,1.0000,0.0064,
3.1934,3.8703,0.0000,0.0000,0.0000,1.0000,0.0064,
3.1867,3.8704,0.0000,0.0000,0.0000,1.0000,0.0064,
3.1801,3.8705,0.0000,0.0000,0.0000,1.0000,0.0064,
3.1734,3.8705,0.0000,0.0000,0.0000,1.0000,0.0064,
3.1667,3.8706,0.0000,0.0000,0.0000,1.0000,0.0064,
3.1601,3.8707,0.0000,0.0000,0.0000,1.0000,0.0064,
3.1534,3.8708,0.0000,0.0000,0.0000,1.0000,0.0064,
3.1467,3.8709,0.0000,0.0000,0.0000,1.0000,0.0064,
3.1401,3.8710,0.0000,0.0000,0.0000,1.0000,0.0064,
3.1334,3.8711,0.0000,0.0000,0.0000,1.0000,0.0064,
3.1267,3.8711,0.0000,0.0000,0.0000,1.0000,0.0064,
3.1201,3.8712,0.0000,0.0000,0.0000,1.0000,0.0064,
3.1134,3.8713,0.0000,0.0000,0.0000,1.0000,0.0064,
3.1067,3.8714,0.0000,0.0000,0.0000,1.0000,0.0064,
3.1000,3.8715,0.0000,0.0000,0.0000,1.0000,0.0064,
3.0934,3.8716,0.0000,0.0000,0.0000,1.0000,0.0064,
3.0867,3.8716,0.0000,0.0000,0.0000,1.0000,0.0064,
3.0800,3.8717,0.0000,0.0000,0.0000,1.0000,0.0064,
3.0734,3.8718,0.0000,0.0000,0.0000,1.0000,0.0064,
3.0667,3.8719,0.0000,0.0000,0.0000,1.0000,0.0064,
3.0600,3.8720,0.0000,0.0000,0.0000,1.0000,0.0064,
3.0534,3.8721,0.0000,0.0000,0.0000,1.0000,0.0064,
3.0467,3.8722,0.0000,0.0000,0.0000,1.0000,0.0064,
3.0400,3.8722,0.0000,0.0000,0.0000,1.0000,0.0064,
3.0334,3.8723,0.0000,0.0000,0.0000,1.0000,0.0064,
3.0267,3.8724,0.0000,0.0000,0.0000,1.0000,0.0064,
3.0200,3.8725,0.0000,0.0000,0.0000,1.0000,0.0064,
3.0134,3.8726,0.0000,0.0000,0.0000,1.0000,0.0064,
3.0067,3.8727,0.0000,0.0000,0.0000,1.0000,0.0064,
3.0000,3.8728,0.0000,0.0000,0.0000,1.0000,0.0064,
2.9934,3.8728,0.0000,0.0000,0.0000,1.0000,0.0064,
2.9867,3.8729,0.0000,0.0000,0.0000,1.0000,0.0064,
2.9800,3.8730,0.0000,0.0000,0.0000,1.0000,0.0064,
2.9734,3.8731,0.0000,0.0000,0.0000,1.0000,0.0064,
2.9667,3.8732,0.0000,0.0000,0.0000,1.0000,0.0064,
2.9600,3.8733,0.0000,0.0000,0.0000,1.0000,0.0064,
2.9534,3.8734,0.0000,0.0000,0.0000,1.0000,0.0064,
2.9467,3.8734,0.0000,0.0000,0.0000,1.0000,0.0064,
2.9400,3.8735,0.0000,0.0000,0.0000,1.0000,0.0064,
2.9334,3.8736,0.0000,0.0000,0.0000,1.0000,0.0064,
2.9267,3.8737,0.0000,0.0000,0.0000,1.0000,0.0064,
2.9200,3.8738,0.0000,0.0000,0.0000,1.0000,0.0064,
2.9134,3.8739,0.0000,0.0000,0.0000,1.0000,0.0064,
2.9067,3.8740,0.0000,0.0000,0.0000,1.0000,0.0064,
2.9000,3.8740,0.0000,0.0000,0.0000,1.0000,0.0064,
2.8934,3.8741,0.0000,0.0000,0.0000,1.0000,0.0064,
2.8867,3.8742,0.0000,0.0000,0.0000,1.0000,0.0064,
2.8800,3.8743,0.0000,0.0000,0.0000,1.0000,0.0064,
2.8734,3.8744,0.0000,0.0000,0.0000,1.0000,0.0064,
2.8667,3.8745,0.0000,0.0000,0.0000,1.0000,0.0064,
2.8600,3.8745,0.0000,0.0000,0.0000,1.0000,0.0064,
2.8534,3.8746,0.0000,0.0000,0.0000,1.0000,0.0064,
2.8467,3.8747,0.0000,0.0000,0.0000,1.0000,0.0064,
2.8400,3.8748,0.0000,0.0000,0.0000,1.0000,0.0064,
2.8334,3.8749,0.0000,0.0000,0.0000,1.0000,0.0064,
2.8267,3.8750,0.0000,0.0000,0.0000,1.0000,0.0064,
2.8200,3.8751,0.0000,0.0000,0.0000,1.0000,0.0064,
2.8134,3.8751,0.0000,0.0000,0.0000,1.0000,0.0064,
2.8067,3.8752,0.0000,0.0000,0.0000,1.0000,0.0064,
2.8000,3.8753,0.0000,0.0000,0.0000,1.0000,0.0064,
2.7934,3.8754,0.0000,0.0000,0.0000,1.0000,0.0064,
2.7867,3.8755,0.0000,0.0000,0.0000,1.0000,0.0064,
2.7800,3.8756,0.0000,0.0000,0.0000,1.0000,0.0064,
2.7734,3.8757,0.0000,0.0000,0.0000,1.0000,0.0064,
2.7667,3.8757,0.0000,0.0000,0.0000,1.0000,0.0064,
2.7600,3.8758,0.0000,0.0000,0.0000,1.0000,0.0064,
2.7533,3.8759,0.0000,0.0000,0.0000,1.0000,0.0064,
2.7467,3.8760,0.0000,0.0000,0.0000,1.0000,0.0064,
2.7400,3.8761,0.0000,0.0000,0.0000,1.0000,0.0064,
2.7333,3.8762,0.0000,0.0000,0.0000,1.0000,0.0064,
2.7267,3.8763,0.0000,0.0000,0.0000,1.0000,0.0064,
2.7200,3.8763,0.0000,0.0000,0.0000,1.0000,0.0064,
2.7133,3.8764,0.0000,0.0000,0.0000,1.0000,0.0064,
2.7067,3.8765,0.0000,0.0000,0.0000,1.0000,0.0064,
2.7000,3.8766,0.0000,0.0000,0.0000,1.0000,0.0064,
2.6933,3.8767,0.0000,0.0000,0.0000,1.0000,0.0064,
2.6867,3.8768,0.0000,0.0000,0.0000,1.0000,0.0064,
2.6800,3.8769,0.0000,0.0000,0.0000,1.0000,0.0064,
2.6733,3.8769,0.0000,0.0000,0.0000,1.0000,0.0064,
2.6667,3.8770,0.0000,0.0000,0.0000,1.0000,0.0064,
2.6600,3.8771,0.0000,0.0000,0.0000,1.0000,0.0064,
2.6533,3.8772,0.0000,0.0000,0.0000,1.0000,0.0064,
2.6467,3.8773,0.0000,0.0000,0.0000,1.0000,0.0064,
2.6400,3.8774,0.0000,0.0000,0.0000,1.0000,0.0064,
2.6333,3.8774,0.0000,0.0000,0.0000,1.0000,0.0064,
2.6267,3.8775,0.0000,0.0000,0.0000,1.0000,0.0064,
2.6200,3.8776,0.0000,0.0000,0.0000,1.0000,0.0064,
2.6133,3.8777,0.0000,0.0000,0.0000,1.0000,0.0064,
2.6067,3.8778,0.0000,0.0000,0.0000,1.0000,0.0064,
2.6000,3.8779,0.0000,0.0000,0.0000,1.0000,0.0064,
2.5933,3.8780,0.0000,0.0000,0.0000,1.0000,0.0064,
2.5867,3.8780,0.0000,0.0000,0.0000,1.0000,0.0064,
2.5800,3.8781,0.0000,0.0000,0.0000,1.0000,0.0064,
2.5733,3.8782,0.0000,0.0000,0.0000,1.0000,0.0064,
2.5667,3.8783,0.0000,0.0000,0.0000,1.0000,0.0064,
2.5600,3.8784,0.0000,0.0000,0.0000,1.0000,0.0064,
2.5533,3.8785,0.0000,0.0000,0.0000,1.0000,0.0064,
2.5467,3.8786,0.0000,0.0000,0.0000,1.0000,0.0064,
2.5400,3.8786,0.0000,0.0000,0.0000,1.0000,0.0064,
2.5333,3.8787,0.0000,0.0000,0.0000,1.0000,0.0064,
2.5267,3.8788,0.0000,0.0000,0.0000,1.0000,0.0064,
2.5200,3.8789,0.0000,0.0000,0.0000,1.0000,0.0064,
2.5133,3.8790,0.0000,0.0000,0.0000,1.0000,0.0064,
2.5067,3.8791,0.0000,0.0000,0.0000,1.0000,0.0064,
2.5000,3.8792,0.0000,0.0000,0.0000,1.0000,0.0064,
2.4933,3.8792,0.0000,0.0000,0.0000,1.0000,0.0064,
2.4867,3.8793,0.0000,0.0000,0.0000,1.0000,0.0064,
2.4800,3.8794,0.0000,0.0000,0.0000,1.0000,0.0064,
2.4733,3.8795,0.0000,0.0000,0.0000,1.0000,0.0064,
2.4667,3.8796,0.0000,0.0000,0.0000,1.0000,0.0064,
2.4600,3.8797,0.0000,0.0000,0.0000,1.0000,0.0064,
2.4533,3.8798,0.0000,0.0000,0.0000,1.0000,0.0064,
2.4467,3.8798,0.0000,0.0000,0.0000,1.0000,0.0064,
2.4400,3.8799,0.0000,0.0000,0.0000,1.0000,0.0064,
2.4333,3.8800,0.0000,0.0000,0.0000,1.0000,0.0064,
2.4266,3.8801,0.0000,0.0000,0.0000,1.0000,0.0064,
2.4200,3.8802,0.0000,0.0000,0.0000,1.0000,0.0064,
2.4133,3.8803,0.0000,0.0000,0.0000,1.0000,0.0064,
2.4066,3.8803,0.0000,0.0000,0.0000,1.0000,0.0064,
2.4000,3.8804,0.0000,0.0000,0.0000,1.0000,0.0064,
2.3933,3.8805,0.0000,0.0000,0.0000,1.0000,0.0064,
2.3866,3.8806,0.0000,0.0000,0.0000,1.0000,0.0064,
2.3800,3.8807,0.0000,0.0000,0.0000,1.0000,0.0064,
2.3733,3.8808,0.0000,0.0000,0.0000,1.0000,0.0064,
2.3666,3.8809,0.0000,0.0000,0.0000,1.0000,0.0064,
2.3600,3.8809,0.0000,0.0000,0.0000,1.0000,0.0064,
2.3533,3.8810,0.0000,0.0000,0.0000,1.0000,0.0064,
2.3466,3.8811,0.0000,0.0000,0.0000,1.0000,0.0064,
2.3400,3.8812,0.0000,0.0000,0.0000,1.0000,0.0064,
2.3333,3.8813,0.0000,0.0000,0.0000,1.0000,0.0064,
2.3266,3.8814,0.0000,0.0000,0.0000,1.0000,0.0064,
2.3200,3.8815,0.0000,0.0000,0.0000,1.0000,0.0064,
2.3133,3.8815,0.0000,0.0000,0.0000,1.0000,0.0064,
2.3066,3.8816,0.0000,0.0000,0.0000,1.0000,0.0064,
2.3000,3.8817,0.0000,0.0000,0.0000,1.0000,0.0064,
2.2933,3.8818,0.0000,0.0000,0.0000,1.0000,0.0064,
2.2866,3.8819,0.0000,0.0000,0.0000,1.0000,0.0064,
2.2800,3.8820,0.0000,0.0000,0.0000,1.0000,0.0064,
2.2733,3.8821,0.0000,0.0000,0.0000,1.0000,0.0064,
2.2666,3.8821,0.0000,0.0000,0.0000,1.0000,0.0064,
2.2600,3.8822,0.0000,0.0000,0.0000,1.0000,0.0064,
2.2533,3.8823,0.0000,0.0000,0.0000,1.0000,0.0064,
2.2466,3.8824,0.0000,0.0000,0.0000,1.0000,0.0064,
2.2400,3.8825,0.0000,0.0000,0.0000,1.0000,0.0064,
2.2333,3.8826,0.0000,0.0000,0.0000,1.0000,0.0064,
2.2266,3.8827,0.0000,0.0000,0.0000,1.0000,0.0064,
2.2200,3.8827,0.0000,0.0000,0.0000,1.0000,0.0064,
2.2133,3.8828,0.0000,0.0000,0.0000,1.0000,0.0064,
2.2066,3.8829,0.0000,0.0000,0.0000,1.0000,0.0064,
2.2000,3.8830,0.0000,0.0000,0.0000,1.0000,0.0064,
2.1933,3.8831,0.0000,0.0000,0.0000,1.0000,0.0064,
2.1866,3.8832,0.0000,0.0000,0.0000,1.0000,0.0064,
2.1800,3.8832,0.0000,0.0000,0.0000,1.0000,0.0064,
2.1733,3.8833,0.0000,0.0000,0.0000,1.0000,0.0064,
2.1666,3.8834,0.0000,0.0000,0.0000,1.0000,0.0064,
2.1600,3.8835,0.0000,0.0000,0.0000,1.0000,0.0064,
2.1533,3.8836,0.0000,0.0000,0.0000,1.0000,0.0064,
2.1466,3.8837,0.0000,0.0000,0.0000,1.0000,0.0064,
2.1400,3.8838,0.0000,0.0000,0.0000,1.0000,0.0064,
2.1333,3.8838,0.0000,0.0000,0.0000,1.0000,0.0064,
2.1266,3.8839,0.0000,0.0000,0.0000,1.0000,0.0064,
2.1200,3.8840,0.0000,0.0000,0.0000,1.0000,0.0064,
2.1133,3.8841,0.0000,0.0000,0.0000,1.0000,0.0064,
2.1066,3.8842,0.0000,0.0000,0.0000,1.0000,0.0064,
2.1000,3.8843,0.0000,0.0000,0.0000,1.0000,0.0064,
2.0933,3.8844,0.0000,0.0000,0.0000,1.0000,0.0064,
2.0866,3.8844,0.0000,0.0000,0.0000,1.0000,0.0064,
2.0799,3.8845,0.0000,0.0000,0.0000,1.0000,0.0064,
2.0733,3.8846,0.0000,0.0000,0.0000,1.0000,0.0064,
2.0666,3.8847,0.0000,0.0000,0.0000,1.0000,0.0064,
2.0599,3.8848,0.0000,0.0000,0.0000,1.0000,0.0064,
2.0533,3.8849,0.0000,0.0000,0.0000,1.0000,0.0064,
2.0466,3.8850,0.0000,0.0000,0.0000,1.0000,0.0064,
2.0399,3.8850,0.0000,0.0000,0.0000,1.0000,0.0064,
2.0333,3.8851,0.0000,0.0000,0.0000,1.0000,0.0064,
2.0266,3.8852,0.0000,0.0000,0.0000,1.0000,0.0064,
2.0199,3.8853,0.0000,0.0000,0.0000,1.0000,0.0064,
2.0133,3.8854,0.0000,0.0000,0.0000,1.0000,0.0064,
2.0066,3.8855,0.0000,0.0000,0.0000,1.0000,0.0064,
1.9999,3.8856,0.0000,0.0000,0.0000,1.0000,0.0064,
1.9933,3.8856,0.0000,0.0000,0.0000,1.0000,0.0064,
1.9866,3.8857,0.0000,0.0000,0.0000,1.0000,0.0064,
1.9799,3.8858,0.0000,0.0000,0.0000,1.0000,0.0064,
1.9733,3.8859,0.0000,0.0000,0.0000,1.0000,0.0064,
1.9666,3.8860,0.0000,0.0000,0.0000,1.0000,0.0064,
1.9599,3.8861,0.0000,0.0000,0.0000,1.0000,0.0064,
1.9533,3.8861,0.0000,0.0000,0.0000,1.0000,0.0064,
1.9466,3.8862,0.0000,0.0000,0.0000,1.0000,0.0064,
1.9399,3.8863,0.0000,0.0000,0.0000,1.0000,0.0064,
1.9333,3.8864,0.0000,0.0000,0.0000,1.0000,0.0064,
1.9266,3.8865,0.0000,0.0000,0.0000,1.0000,0.0064,
1.9199,3.8866,0.0000,0.0000,0.0000,1.0000,0.0064,
1.9133,3.8867,0.0000,0.0000,0.0000,1.0000,0.0064,
1.9066,3.8867,0.0000,0.0000,0.0000,1.0000,0.0064,
1.8999,3.8868,0.0000,0.0000,0.0000,1.0000,0.0064,
1.8933,3.8869,0.0000,0.0000,0.0000,1.0000,0.0064,
1.8866,3.8870,0.0000,0.0000,0.0000,1.0000,0.0064,
1.8799,3.8871,0.0000,0.0000,0.0000,1.0000,0.0064,
1.8733,3.8872,0.0000,0.0000,0.0000,1.0000,0.0064,
1.8666,3.8873,0.0000,0.0000,0.0000,1.0000,0.0064,
1.8599,3.8873,0.0000,0.0000,0.0000,1.0000,0.0064,
1.8533,3.8874,0.0000,0.0000,0.0000,1.0000,0.0064,
1.8466,3.8875,0.0000,0.0000,0.0000,1.0000,0.0064,
1.8399,3.8876,0.0000,0.0000,0.0000,1.0000,0.0064,
1.8333,3.8877,0.0000,0.0000,0.0000,1.0000,0.0064,
1.8266,3.8878,0.0000,0.0000,0.0000,1.0000,0.0064,
1.8199,3.8879,0.0000,0.0000,0.0000,1.0000,0.0064,
1.8133,3.8879,0.0000,0.0000,0.0000,1.0000,0.0064,
1.8066,3.8880,0.0000,0.0000,0.0000,1.0000,0.0064,
1.7999,3.8881,0.0000,0.0000,0.0000,1.0000,0.0064,
1.7933,3.8882,0.0000,0.0000,0.0000,1.0000,0.0064,
1.7866,3.8883,0.0000,0.0000,0.0000,1.0000,0.0064,
1.7799,3.8884,0.0000,0.0000,0.0000,1.0000,0.0064,
1.7733,3.8885,0.0000,0.0000,0.0000,1.0000,0.0064,
1.7666,3.8885,0.0000,0.0000,0.0000,1.0000,0.0064,
1.7599,3.8886,0.0000,0.0000,0.0000,1.0000,0.0064,
1.7532,3.8887,0.0000,0.0000,0.0000,1.0000,0.0064,
1.7466,3.8888,0.0000,0.0000,0.0000,1.0000,0.0064,
1.7399,3.8889,0.0000,0.0000,0.0000,1.0000,0.0064,
1.7332,3.8890,0.0000,0.0000,0.0000,1.0000,0.0064,
1.7266,3.8890,0.0000,0.0000,0.0000,1.0000,0.0064,
1.7132,3.8892,0.0000,0.0000,0.0000,-0.9994,0.0352,
1.7063,3.8887,0.0000,0.0000,0.0000,-0.9994,0.0352,
1.6993,3.8882,0.0000,0.0000,0.0000,-0.9994,0.0352,
1.6924,3.8877,0.0000,0.0000,0.0000,-0.9994,0.0352,
1.6854,3.8873,0.0000,0.0000,0.0000,-0.9994,0.0352,
1.6785,3.8868,0.0000,0.0000,0.0000,-0.9994,0.0352,
1.6715,3.8863,0.0000,0.0000,0.0000,-0.9994,0.0352,
1.6646,3.8858,0.0000,0.0000,0.0000,-0.9994,0.0352,
1.6576,3.8853,0.0000,0.0000,0.0000,-0.9994,0.0352,
1.6506,3.8848,0.0000,0.0000,0.0000,-0.9994,0.0352,
1.6437,3.8843,0.0000,0.0000,0.0000,-0.9994,0.0352,
1.6367,3.8838,0.0000,0.0000,0.0000,-0.9994,0.0352,
1.6298,3.8833,0.0000,0.0000,0.0000,-0.9994,0.0352,
1.6159,3.8823,0.0000,0.0000,0.0000,-0.9811,0.1934,
1.6094,3.8797,0.0000,0.0000,0.0000,-0.9811,0.1934,
1.6029,3.8770,0.0000,0.0000,0.0000,-0.9811,0.1934,
1.5964,3.8744,0.0000,0.0000,0.0000,-0.9811,0.1934,
1.5900,3.8717,0.0000,0.0000,0.0000,-0.9811,0.1934,
1.5835,3.8691,0.0000,0.0000,0.0000,-0.9811,0.1934,
1.5770,3.8664,0.0000,0.0000,0.0000,-0.9811,0.1934,
1.5706,3.8638,0.0000,0.0000,0.0000,-0.9811,0.1934,
1.5641,3.8611,0.0000,0.0000,0.0000,-0.9811,0.1934,
1.5576,3.8585,0.0000,0.0000,0.0000,-0.9811,0.1934,
1.5512,3.8558,0.0000,0.0000,0.0000,-0.9811,0.1934,
1.5447,3.8532,0.0000,0.0000,0.0000,-0.9811,0.1934,
1.5382,3.8505,0.0000,0.0000,0.0000,-0.9811,0.1934,
1.5318,3.8479,0.0000,0.0000,0.0000,-0.9811,0.1934,
1.5188,3.8425,0.0000,0.0000,0.0000,-0.9451,0.3268,
1.5132,3.8382,0.0000,0.0000,0.0000,-0.9451,0.3268,
1.5077,3.8338,0.0000,0.0000,0.0000,-0.9451,0.3268,
1.5021,3.8294,0.0000,0.0000,0.0000,-0.9451,0.3268,
1.4965,3.8250,0.0000,0.0000,0.0000,-0.9451,0.3268,
1.4909,3.8206,0.0000,0.0000,0.0000,-0.9451,0.3268,
1.4854,3.8163,0.0000,0.0000,0.0000,-0.9451,0.3268,
1.4798,3.8119,0.0000,0.0000,0.0000,-0.9451,0.3268,
1.4742,3.8075,0.0000,0.0000,0.0000,-0.9451,0.3268,
1.4686,3.8031,0.0000,0.0000,0.0000,-0.9451,0.3268,
1.4630,3.7987,0.0000,0.0000,0.0000,-0.9451,0.3268,
1.4575,3.7944,0.0000,0.0000,0.0000,-0.9451,0.3268,
1.4519,3.7900,0.0000,0.0000,0.0000,-0.9451,0.3268,
1.4407,3.7812,0.0000,0.0000,0.0000,-0.8686,0.4955,
1.4373,3.7754,0.0000,0.0000,0.0000,-0.8686,0.4955,
1.4338,3.7695,0.0000,0.0000,0.0000,-0.8686,0.4955,
1.4303,3.7636,0.0000,0.0000,0.0000,-0.8686,0.4955,
1.4269,3.7578,0.0000,0.0000,0.0000,-0.8686,0.4955,
1.4234,3.7519,0.0000,0.0000,0.0000,-0.8686,0.4955,
1.4199,3.7460,0.0000,0.0000,0.0000,-0.8686,0.4955,
1.4165,3.7402,0.0000,0.0000,0.0000,-0.8686,0.4955,
1.4130,3.7343,0.0000,0.0000,0.0000,-0.8686,0.4955,
1.4095,3.7284,0.0000,0.0000,0.0000,-0.8686,0.4955,
1.4060,3.7226,0.0000,0.0000,0.0000,-0.8686,0.4955,
1.4026,3.7167,0.0000,0.0000,0.0000,-0.8686,0.4955,
1.3991,3.7108,0.0000,0.0000,0.0000,-0.8686,0.4955,
1.3956,3.7050,0.0000,0.0000,0.0000,-0.8686,0.4955,
1.3922,3.6991,0.0000,0.0000,0.0000,-0.8686,0.4955,
1.3852,3.6874,0.0000,0.0000,0.0000,-0.7560,0.6546,
1.3843,3.6808,0.0000,0.0000,0.0000,-0.7560,0.6546,
1.3833,3.6742,0.0000,0.0000,0.0000,-0.7560,0.6546,
1.3824,3.6675,0.0000,0.0000,0.0000,-0.7560,0.6546,
1.3814,3.6609,0.0000,0.0000,0.0000,-0.7560,0.6546,
1.3805,3.6543,0.0000,0.0000,0.0000,-0.7560,0.6546,
1.3795,3.6477,0.0000,0.0000,0.0000,-0.7560,0.6546,
1.3785,3.6411,0.0000,0.0000,0.0000,-0.7560,0.6546,
1.3776,3.6345,0.0000,0.0000,0.0000,-0.7560,0.6546,
1.3766,3.6279,0.0000,0.0000,0.0000,-0.7560,0.6546,
1.3757,3.6213,0.0000,0.0000,0.0000,-0.7560,0.6546,
1.3747,3.6147,0.0000,0.0000,0.0000,-0.7560,0.6546,
1.3738,3.6081,0.0000,0.0000,0.0000,-0.7560,0.6546,
1.3728,3.6015,0.0000,0.0000,0.0000,-0.7560,0.6546,
1.3719,3.5949,0.0000,0.0000,0.0000,-0.7560,0.6546,
1.3709,3.5883,0.0000,0.0000,0.0000,-0.7560,0.6546,
1.3700,3.5816,0.0000,0.0000,0.0000,-0.7560,0.6546,
1.3690,3.5750,0.0000,0.0000,0.0000,-0.7560,0.6546,
1.3680,3.5684,0.0000,0.0000,0.0000,-0.7560,0.6546,
1.3671,3.5618,0.0000,0.0000,0.0000,-0.7560,0.6546,
1.3661,3.5552,0.0000,0.0000,0.0000,-0.7560,0.6546,
1.3652,3.5486,0.0000,0.0000,0.0000,-0.7560,0.6546,
1.3642,3.5420,0.0000,0.0000,0.0000,-0.7560,0.6546,
1.3633,3.5354,0.0000,0.0000,0.0000,-0.7560,0.6546,
1.3623,3.5288,0.0000,0.0000,0.0000,-0.7560,0.6546,
1.3614,3.5222,0.0000,0.0000,0.0000,-0.7560,0.6546,
1.3604,3.5156,0.0000,0.0000,0.0000,-0.7560,0.6546,
1.3585,3.5023,0.0000,0.0000,0.0000,-0.7126,0.7015,
1.3584,3.4956,0.0000,0.0000,0.0000,-0.7126,0.7015,
1.3583,3.4889,0.0000,0.0000,0.0000,-0.7126,0.7015,
1.3582,3.4822,0.0000,0.0000,0.0000,-0.7126,0.7015,
1.3581,3.4755,0.0000,0.0000,0.0000,-0.7126,0.7015,
1.3580,3.4688,0.0000,0.0000,0.0000,-0.7126,0.7015,
1.3579,3.4621,0.0000,0.0000,0.0000,-0.7126,0.7015,
1.3578,3.4554,0.0000,0.0000,0.0000,-0.7126,0.7015,
1.3577,3.4487,0.0000,0.0000,0.0000,-0.7126,0.7015,
1.3575,3.4420,0.0000,0.0000,0.0000,-0.7126,0.7015,
1.3574,3.4353,0.0000,0.0000,0.0000,-0.7126,0.7015,
1.3573,3.4286,0.0000,0.0000,0.0000,-0.7126,0.7015,
1.3572,3.4219,0.0000,0.0000,0.0000,-0.7126,0.7015,
1.3571,3.4152,0.0000,0.0000,0.0000,-0.7126,0.7015,
1.3570,3.4085,0.0000,0.0000,0.0000,-0.7126,0.7015,
1.3569,3.4018,0.0000,0.0000,0.0000,-0.7126,0.7015,
1.3568,3.3951,0.0000,0.0000,0.0000,-0.7126,0.7015,
1.3567,3.3884,0.0000,0.0000,0.0000,-0.7126,0.7015,
1.3566,3.3817,0.0000,0.0000,0.0000,-0.7126,0.7015,
1.3565,3.3750,0.0000,0.0000,0.0000,-0.7126,0.7015,
1.3564,3.3683,0.0000,0.0000,0.0000,-0.7126,0.7015,
1.3563,3.3616,0.0000,0.0000,0.0000,-0.7126,0.7015,
1.3562,3.3549,0.0000,0.0000,0.0000,-0.7126,0.7015,
1.3561,3.3482,0.0000,0.0000,0.0000,-0.7126,0.7015,
1.3560,3.3415,0.0000,0.0000,0.0000,-0.7126,0.7015,
1.3559,3.3348,0.0000,0.0000,0.0000,-0.7126,0.7015,
1.3558,3.3281,0.0000,0.0000,0.0000,-0.7126,0.7015,
1.3556,3.3214,0.0000,0.0000,0.0000,-0.7126,0.7015,
1.3555,3.3147,0.0000,0.0000,0.0000,-0.7126,0.7015,
1.3554,3.3080,0.0000,0.0000,0.0000,-0.7126,0.7015,
1.3553,3.3013,0.0000,0.0000,0.0000,-0.7126,0.7015,
1.3552,3.2946,0.0000,0.0000,0.0000,-0.7126,0.7015,
1.3551,3.2879,0.0000,0.0000,0.0000,-0.7126,0.7015,
1.3550,3.2812,0.0000,0.0000,0.0000,-0.7126,0.7015,
1.3549,3.2745,0.0000,0.0000,0.0000,-0.7126,0.7015,
1.3548,3.2678,0.0000,0.0000,0.0000,-0.7126,0.7015,
1.3547,3.2611,0.0000,0.0000,0.0000,-0.7126,0.7015,
1.3546,3.2544,0.0000,0.0000,0.0000,-0.7126,0.7015,
1.3545,3.2477,0.0000,0.0000,0.0000,-0.7126,0.7015,
1.3544,3.2410,0.0000,0.0000,0.0000,-0.7126,0.7015,
1.3543,3.2343,0.0000,0.0000,0.0000,-0.7126,0.7015,
1.3542,3.2276,0.0000,0.0000,0.0000,-0.7126,0.7015,
1.3541,3.2209,0.0000,0.0000,0.0000,-0.7126,0.7015,
1.3540,3.2142,0.0000,0.0000,0.0000,-0.7126,0.7015,
1.3539,3.2075,0.0000,0.0000,0.0000,-0.7126,0.7015,
1.3537,3.2008,0.0000,0.0000,0.0000,-0.7126,0.7015,
1.3536,3.1941,0.0000,0.0000,0.0000,-0.7126,0.7015,
1.3535,3.1874,0.0000,0.0000,0.0000,-0.7126,0.7015,
1.3534,3.1806,0.0000,0.0000,0.0000,-0.7126,0.7015,
1.3533,3.1739,0.0000,0.0000,0.0000,-0.7126,0.7015,
1.3532,3.1672,0.0000,0.0000,0.0000,-0.7126,0.7015,
1.3531,3.1605,0.0000,0.0000,0.0000,-0.7126,0.7015,
1.3530,3.1538,0.0000,0.0000,0.0000,-0.7126,0.7015,
1.3529,3.1471,0.0000,0.0000,0.0000,-0.7126,0.7015,
1.3528,3.1404,0.0000,0.0000,0.0000,-0.7126,0.7015,
1.3527,3.1337,0.0000,0.0000,0.0000,-0.7126,0.7015,
1.3526,3.1270,0.0000,0.0000,0.0000,-0.7126,0.7015,
1.3525,3.1203,0.0000,0.0000,0.0000,-0.7126,0.7015,
1.3524,3.1136,0.0000,0.0000,0.0000,-0.7126,0.7015,
1.3523,3.1069,0.0000,0.0000,0.0000,-0.7126,0.7015,
1.3522,3.1002,0.0000,0.0000,0.0000,-0.7126,0.7015,
1.3521,3.0935,0.0000,0.0000,0.0000,-0.7126,0.7015,
1.3520,3.0868,0.0000,0.0000,0.0000,-0.7126,0.7015,
1.3519,3.0801,0.0000,0.0000,0.0000,-0.7126,0.7015,
1.3517,3.0734,0.0000,0.0000,0.0000,-0.7126,0.7015,
1.3516,3.0667,0.0000,0.0000,0.0000,-0.7126,0.7015,
1.3515,3.0600,0.0000,0.0000,0.0000,-0.7126,0.7015,
1.3514,3.0533,0.0000,0.0000,0.0000,-0.7126,0.7015,
1.3513,3.0466,0.0000,0.0000,0.0000,-0.7126,0.7015,
1.3512,3.0399,0.0000,0.0000,0.0000,-0.7126,0.7015,
1.3511,3.0332,0.0000,0.0000,0.0000,-0.7126,0.7015,
1.3510,3.0265,0.0000,0.0000,0.0000,-0.7126,0.7015,
1.3509,3.0198,0.0000,0.0000,0.0000,-0.7126,0.7015,
1.3508,3.0131,0.0000,0.0000,0.0000,-0.7126,0.7015,
1.3507,3.0064,0.0000,0.0000,0.0000,-0.7126,0.7015,
1.3506,2.9997,0.0000,0.0000,0.0000,-0.7126,0.7015,
1.3505,2.9930,0.0000,0.0000,0.0000,-0.7126,0.7015,
1.3504,2.9863,0.0000,0.0000,0.0000,-0.7126,0.7015,
1.3503,2.9796,0.0000,0.0000,0.0000,-0.7126,0.7015,
1.3502,2.9729,0.0000,0.0000,0.0000,-0.7126,0.7015,
1.3501,2.9662,0.0000,0.0000,0.0000,-0.7126,0.7015,
1.3500,2.9595,0.0000,0.0000,0.0000,-0.7126,0.7015,
1.3498,2.9528,0.0000,0.0000,0.0000,-0.7126,0.7015,
1.3497,2.9461,0.0000,0.0000,0.0000,-0.7126,0.7015,
1.3496,2.9394,0.0000,0.0000,0.0000,-0.7126,0.7015,
1.3495,2.9327,0.0000,0.0000,0.0000,-0.7126,0.7015,
1.3494,2.9260,0.0000,0.0000,0.0000,-0.7126,0.7015,
1.3493,2.9193,0.0000,0.0000,0.0000,-0.7126,0.7015,
1.3492,2.9126,0.0000,0.0000,0.0000,-0.7126,0.7015,
1.3491,2.9059,0.0000,0.0000,0.0000,-0.7126,0.7015,
1.3490,2.8992,0.0000,0.0000,0.0000,-0.7126,0.7015,
1.3489,2.8925,0.0000,0.0000,0.0000,-0.7126,0.7015,
1.3488,2.8858,0.0000,0.0000,0.0000,-0.7126,0.7015,
1.3487,2.8791,0.0000,0.0000,0.0000,-0.7126,0.7015,
1.3486,2.8724,0.0000,0.0000,0.0000,-0.7126,0.7015,
1.3485,2.8656,0.0000,0.0000,0.0000,-0.7126,0.7015,
1.3484,2.8589,0.0000,0.0000,0.0000,-0.7126,0.7015,
1.3483,2.8522,0.0000,0.0000,0.0000,-0.7126,0.7015,
1.3482,2.8455,0.0000,0.0000,0.0000,-0.7126,0.7015,
1.3481,2.8388,0.0000,0.0000,0.0000,-0.7126,0.7015,
1.3480,2.8321,0.0000,0.0000,0.0000,-0.7126,0.7015,
1.3478,2.8254,0.0000,0.0000,0.0000,-0.7126,0.7015,
1.3477,2.8187,0.0000,0.0000,0.0000,-0.7126,0.7015,
1.3476,2.8120,0.0000,0.0000,0.0000,-0.7126,0.7015,
1.3475,2.8053,0.0000,0.0000,0.0000,-0.7126,0.7015,
1.3474,2.7986,0.0000,0.0000,0.0000,-0.7126,0.7015,
1.3473,2.7919,0.0000,0.0000,0.0000,-0.7126,0.7015,
1.3472,2.7852,0.0000,0.0000,0.0000,-0.7126,0.7015,
1.3471,2.7785,0.0000,0.0000,0.0000,-0.7126,0.7015,
1.3470,2.7718,0.0000,0.0000,0.0000,-0.7126,0.7015,
1.3469,2.7651,0.0000,0.0000,0.0000,-0.7126,0.7015,
1.3468,2.7584,0.0000,0.0000,0.0000,-0.7126,0.7015,
1.3467,2.7517,0.0000,0.0000,0.0000,-0.7126,0.7015,
1.3466,2.7450,0.0000,0.0000,0.0000,-0.7126,0.7015,
1.3465,2.7383,0.0000,0.0000,0.0000,-0.7126,0.7015,
1.3464,2.7316,0.0000,0.0000,0.0000,-0.7126,0.7015,
1.3463,2.7249,0.0000,0.0000,0.0000,-0.7126,0.7015,
1.3462,2.7182,0.0000,0.0000,0.0000,-0.7126,0.7015,
1.3461,2.7115,0.0000,0.0000,0.0000,-0.7126,0.7015,
1.3459,2.7048,0.0000,0.0000,0.0000,-0.7126,0.7015,
1.3458,2.6981,0.0000,0.0000,0.0000,-0.7126,0.7015,
1.3457,2.6914,0.0000,0.0000,0.0000,-0.7126,0.7015,
1.3456,2.6847,0.0000,0.0000,0.0000,-0.7126,0.7015,
1.3455,2.6780,0.0000,0.0000,0.0000,-0.7126,0.7015,
1.3454,2.6713,0.0000,0.0000,0.0000,-0.7126,0.7015,
1.3453,2.6646,0.0000,0.0000,0.0000,-0.7126,0.7015,
1.3452,2.6579,0.0000,0.0000,0.0000,-0.7126,0.7015,
1.3451,2.6512,0.0000,0.0000,0.0000,-0.7126,0.7015,
1.3450,2.6445,0.0000,0.0000,0.0000,-0.7126,0.7015,
1.3449,2.6378,0.0000,0.0000,0.0000,-0.7126,0.7015,
1.3448,2.6311,0.0000,0.0000,0.0000,-0.7126,0.7015,
1.3447,2.6244,0.0000,0.0000,0.0000,-0.7126,0.7015,
1.3446,2.6177,0.0000,0.0000,0.0000,-0.7126,0.7015,
1.3445,2.6110,0.0000,0.0000,0.0000,-0.7126,0.7015,
1.3444,2.6043,0.0000,0.0000,0.0000,-0.7126,0.7015,
1.3443,2.5976,0.0000,0.0000,0.0000,-0.7126,0.7015,
1.3442,2.5909,0.0000,0.0000,0.0000,-0.7126,0.7015,
1.3440,2.5842,0.0000,0.0000,0.0000,-0.7126,0.7015,
1.3439,2.5775,0.0000,0.0000,0.0000,-0.7126,0.7015,
1.3438,2.5708,0.0000,0.0000,0.0000,-0.7126,0.7015,
1.3437,2.5641,0.0000,0.0000,0.0000,-0.7126,0.7015,
1.3436,2.5574,0.0000,0.0000,0.0000,-0.7126,0.7015,
1.3435,2.5507,0.0000,0.0000,0.0000,-0.7126,0.7015,
1.3434,2.5439,0.0000,0.0000,0.0000,-0.7126,0.7015,
1.3433,2.5372,0.0000,0.0000,0.0000,-0.7126,0.7015,
1.3432,2.5305,0.0000,0.0000,0.0000,-0.7126,0.7015,
1.3431,2.5238,0.0000,0.0000,0.0000,-0.7126,0.7015,
1.3430,2.5171,0.0000,0.0000,0.0000,-0.7126,0.7015,
1.3429,2.5104,0.0000,0.0000,0.0000,-0.7126,0.7015,
1.3428,2.5037,0.0000,0.0000,0.0000,-0.7126,0.7015,
1.3427,2.4970,0.0000,0.0000,0.0000,-0.7126,0.7015,
1.3426,2.4903,0.0000,0.0000,0.0000,-0.7126,0.7015,
1.3425,2.4836,0.0000,0.0000,0.0000,-0.7126,0.7015,
1.3424,2.4769,0.0000,0.0000,0.0000,-0.7126,0.7015,
1.3423,2.4702,0.0000,0.0000,0.0000,-0.7126,0.7015,
1.3422,2.4635,0.0000,0.0000,0.0000,-0.7126,0.7015,
1.3420,2.4568,0.0000,0.0000,0.0000,-0.7126,0.7015,
1.3419,2.4501,0.0000,0.0000,0.0000,-0.7126,0.7015,
1.3418,2.4434,0.0000,0.0000,0.0000,-0.7126,0.7015,
1.3417,2.4367,0.0000,0.0000,0.0000,-0.7126,0.7015,
1.3416,2.4300,0.0000,0.0000,0.0000,-0.7126,0.7015,
1.3415,2.4233,0.0000,0.0000,0.0000,-0.7126,0.7015,
1.3414,2.4166,0.0000,0.0000,0.0000,-0.7126,0.7015,
1.3413,2.4099,0.0000,0.0000,0.0000,-0.7126,0.7015,
1.3412,2.4032,0.0000,0.0000,0.0000,-0.7126,0.7015,
1.3411,2.3965,0.0000,0.0000,0.0000,-0.7126,0.7015,
1.3410,2.3898,0.0000,0.0000,0.0000,-0.7126,0.7015,
1.3409,2.3831,0.0000,0.0000,0.0000,-0.7126,0.7015,
1.3408,2.3764,0.0000,0.0000,0.0000,-0.7126,0.7015,
1.3407,2.3697,0.0000,0.0000,0.0000,-0.7126,0.7015,
1.3406,2.3630,0.0000,0.0000,0.0000,-0.7126,0.7015,
1.3405,2.3563,0.0000,0.0000,0.0000,-0.7126,0.7015,
1.3404,2.3496,0.0000,0.0000,0.0000,-0.7126,0.7015,
1.3403,2.3429,0.0000,0.0000,0.0000,-0.7126,0.7015,
1.3401,2.3362,0.0000,0.0000,0.0000,-0.7126,0.7015,
1.3400,2.3295,0.0000,0.0000,0.0000,-0.7126,0.7015,
1.3399,2.3228,0.0000,0.0000,0.0000,-0.7126,0.7015,
1.3398,2.3161,0.0000,0.0000,0.0000,-0.7126,0.7015,
1.3396,2.3027,0.0000,0.0000,0.0000,-0.8096,0.5870,
1.3375,2.2963,0.0000,0.0000,0.0000,-0.8096,0.5870,
1.3354,2.2899,0.0000,0.0000,0.0000,-0.8096,0.5870,
1.3334,2.2835,0.0000,0.0000,0.0000,-0.8096,0.5870,
1.3313,2.2771,0.0000,0.0000,0.0000,-0.8096,0.5870,
1.3292,2.2708,0.0000,0.0000,0.0000,-0.8096,0.5870,
1.3271,2.2644,0.0000,0.0000,0.0000,-0.8096,0.5870,
1.3250,2.2580,0.0000,0.0000,0.0000,-0.8096,0.5870,
1.3229,2.2516,0.0000,0.0000,0.0000,-0.8096,0.5870,
1.3208,2.2452,0.0000,0.0000,0.0000,-0.8096,0.5870,
1.3187,2.2388,0.0000,0.0000,0.0000,-0.8096,0.5870,
1.3167,2.2325,0.0000,0.0000,0.0000,-0.8096,0.5870,
1.3146,2.2261,0.0000,0.0000,0.0000,-0.8096,0.5870,
1.3125,2.2197,0.0000,0.0000,0.0000,-0.8096,0.5870,
1.3104,2.2133,0.0000,0.0000,0.0000,-0.8096,0.5870,
1.3083,2.2069,0.0000,0.0000,0.0000,-0.8096,0.5870,
1.3062,2.2005,0.0000,0.0000,0.0000,-0.8096,0.5870,
1.3041,2.1942,0.0000,0.0000,0.0000,-0.8096,0.5870,
1.3000,2.1814,0.0000,0.0000,0.0000,-0.8480,0.5299,
1.2969,2.1752,0.0000,0.0000,0.0000,-0.8480,0.5299,
1.2939,2.1690,0.0000,0.0000,0.0000,-0.8480,0.5299,
1.2909,2.1628,0.0000,0.0000,0.0000,-0.8480,0.5299,
1.2879,2.1566,0.0000,0.0000,0.0000,-0.8480,0.5299,
1.2849,2.1504,0.0000,0.0000,0.0000,-0.8480,0.5299,
1.2818,2.1443,0.0000,0.0000,0.0000,-0.8480,0.5299,
1.2788,2.1381,0.0000,0.0000,0.0000,-0.8480,0.5299,
1.2758,2.1319,0.0000,0.0000,0.0000,-0.8480,0.5299,
1.2728,2.1257,0.0000,0.0000,0.0000,-0.8480,0.5299,
1.2698,2.1195,0.0000,0.0000,0.0000,-0.8480,0.5299,
1.2668,2.1133,0.0000,0.0000,0.0000,-0.8480,0.5299,
1.2637,2.1071,0.0000,0.0000,0.0000,-0.8480,0.5299,
1.2607,2.1009,0.0000,0.0000,0.0000,-0.8480,0.5299,
1.2577,2.0947,0.0000,0.0000,0.0000,-0.8480,0.5299,
1.2547,2.0886,0.0000,0.0000,0.0000,-0.8480,0.5299,
1.2517,2.0824,0.0000,0.0000,0.0000,-0.8480,0.5299,
1.2486,2.0762,0.0000,0.0000,0.0000,-0.8480,0.5299,
1.2456,2.0700,0.0000,0.0000,0.0000,-0.8480,0.5299,
1.2396,2.0576,0.0000,0.0000,0.0000,-0.8960,0.4441,
1.2355,2.0523,0.0000,0.0000,0.0000,-0.8960,0.4441,
1.2314,2.0469,0.0000,0.0000,0.0000,-0.8960,0.4441,
1.2274,2.0415,0.0000,0.0000,0.0000,-0.8960,0.4441,
1.2233,2.0362,0.0000,0.0000,0.0000,-0.8960,0.4441,
1.2192,2.0308,0.0000,0.0000,0.0000,-0.8960,0.4441,
1.2151,2.0255,0.0000,0.0000,0.0000,-0.8960,0.4441,
1.2110,2.0201,0.0000,0.0000,0.0000,-0.8960,0.4441,
1.2070,2.0147,0.0000,0.0000,0.0000,-0.8960,0.4441,
1.2029,2.0094,0.0000,0.0000,0.0000,-0.8960,0.4441,
1.1988,2.0040,0.0000,0.0000,0.0000,-0.8960,0.4441,
1.1947,1.9987,0.0000,0.0000,0.0000,-0.8960,0.4441,
1.1907,1.9933,0.0000,0.0000,0.0000,-0.8960,0.4441,
1.1866,1.9879,0.0000,0.0000,0.0000,-0.8960,0.4441,
1.1825,1.9826,0.0000,0.0000,0.0000,-0.8960,0.4441,
1.1784,1.9772,0.0000,0.0000,0.0000,-0.8960,0.4441,
1.1743,1.9718,0.0000,0.0000,0.0000,-0.8960,0.4441,
1.1662,1.9611,0.0000,0.0000,0.0000,-0.9660,0.2584,
1.1604,1.9578,0.0000,0.0000,0.0000,-0.9660,0.2584,
1.1545,1.9544,0.0000,0.0000,0.0000,-0.9660,0.2584,
1.1487,1.9511,0.0000,0.0000,0.0000,-0.9660,0.2584,
1.1429,1.9477,0.0000,0.0000,0.0000,-0.9660,0.2584,
1.1371,1.9444,0.0000,0.0000,0.0000,-0.9660,0.2584,
1.1313,1.9410,0.0000,0.0000,0.0000,-0.9660,0.2584,
1.1254,1.9376,0.0000,0.0000,0.0000,-0.9660,0.2584,
1.1196,1.9343,0.0000,0.0000,0.0000,-0.9660,0.2584,
1.1138,1.9309,0.0000,0.0000,0.0000,-0.9660,0.2584,
1.1080,1.9276,0.0000,0.0000,0.0000,-0.9660,0.2584,
1.1021,1.9242,0.0000,0.0000,0.0000,-0.9660,0.2584,
1.0963,1.9209,0.0000,0.0000,0.0000,-0.9660,0.2584,
1.0905,1.9175,0.0000,0.0000,0.0000,-0.9660,0.2584,
1.0847,1.9142,0.0000,0.0000,0.0000,-0.9660,0.2584,
1.0788,1.9108,0.0000,0.0000,0.0000,-0.9660,0.2584,
1.0730,1.9074,0.0000,0.0000,0.0000,-0.9660,0.2584,
1.0672,1.9041,0.0000,0.0000,0.0000,-0.9660,0.2584,
1.0556,1.8974,0.0000,0.0000,0.0000,-0.9632,0.2688,
1.0498,1.8939,0.0000,0.0000,0.0000,-0.9632,0.2688,
1.0440,1.8904,0.0000,0.0000,0.0000,-0.9632,0.2688,
1.0382,1.8869,0.0000,0.0000,0.0000,-0.9632,0.2688,
1.0325,1.8834,0.0000,0.0000,0.0000,-0.9632,0.2688,
1.0267,1.8799,0.0000,0.0000,0.0000,-0.9632,0.2688,
1.0209,1.8764,0.0000,0.0000,0.0000,-0.9632,0.2688,
1.0151,1.8729,0.0000,0.0000,0.0000,-0.9632,0.2688,
1.0093,1.8694,0.0000,0.0000,0.0000,-0.9632,0.2688,
1.0036,1.8659,0.0000,0.0000,0.0000,-0.9632,0.2688,
0.9978,1.8624,0.0000,0.0000,0.0000,-0.9632,0.2688,
0.9920,1.8589,0.0000,0.0000,0.0000,-0.9632,0.2688,
0.9862,1.8554,0.0000,0.0000,0.0000,-0.9632,0.2688,
0.9805,1.8519,0.0000,0.0000,0.0000,-0.9632,0.2688,
0.9747,1.8484,0.0000,0.0000,0.0000,-0.9632,0.2688,
0.9689,1.8449,0.0000,0.0000,0.0000,-0.9632,0.2688,
0.9631,1.8414,0.0000,0.0000,0.0000,-0.9632,0.2688,
0.9574,1.8380,0.0000,0.0000,0.0000,-0.9632,0.2688,
0.9516,1.8345,0.0000,0.0000,0.0000,-0.9632,0.2688,
0.9458,1.8310,0.0000,0.0000,0.0000,-0.9632,0.2688,
0.9400,1.8275,0.0000,0.0000,0.0000,-0.9632,0.2688,
0.9343,1.8240,0.0000,0.0000,0.0000,-0.9632,0.2688,
0.9285,1.8205,0.0000,0.0000,0.0000,-0.9632,0.2688,
0.9227,1.8170,0.0000,0.0000,0.0000,-0.9632,0.2688,
0.9169,1.8135,0.0000,0.0000,0.0000,-0.9632,0.2688,
0.9111,1.8100,0.0000,0.0000,0.0000,-0.9632,0.2688,
0.8996,1.8030,0.0000,0.0000,0.0000,-0.9135,0.4068,
0.8950,1.7979,0.0000,0.0000,0.0000,-0.9135,0.4068,
0.8904,1.7928,0.0000,0.0000,0.0000,-0.9135,0.4068,
0.8859,1.7878,0.0000,0.0000,0.0000,-0.9135,0.4068,
0.8813,1.7827,0.0000,0.0000,0.0000,-0.9135,0.4068,
0.8767,1.7776,0.0000,0.0000,0.0000,-0.9135,0.4068,
0.8722,1.7725,0.0000,0.0000,0.0000,-0.9135,0.4068,
0.8676,1.7674,0.0000,0.0000,0.0000,-0.9135,0.4068,
0.8630,1.7624,0.0000,0.0000,0.0000,-0.9135,0.4068,
0.8584,1.7573,0.0000,0.0000,0.0000,-0.9135,0.4068,
0.8539,1.7522,0.0000,0.0000,0.0000,-0.9135,0.4068,
0.8493,1.7471,0.0000,0.0000,0.0000,-0.9135,0.4068,
0.8447,1.7420,0.0000,0.0000,0.0000,-0.9135,0.4068,
0.8401,1.7370,0.0000,0.0000,0.0000,-0.9135,0.4068,
0.8356,1.7319,0.0000,0.0000,0.0000,-0.9135,0.4068,
0.8310,1.7268,0.0000,0.0000,0.0000,-0.9135,0.4068,
0.8264,1.7217,0.0000,0.0000,0.0000,-0.9135,0.4068,
0.8219,1.7167,0.0000,0.0000,0.0000,-0.9135,0.4068,
0.8173,1.7116,0.0000,0.0000,0.0000,-0.9135,0.4068,
0.8127,1.7065,0.0000,0.0000,0.0000,-0.9135,0.4068,
0.8081,1.7014,0.0000,0.0000,0.0000,-0.9135,0.4068,
0.8036,1.6963,0.0000,0.0000,0.0000,-0.9135,0.4068,
0.7990,1.6913,0.0000,0.0000,0.0000,-0.9135,0.4068,
0.7944,1.6862,0.0000,0.0000,0.0000,-0.9135,0.4068,
0.7898,1.6811,0.0000,0.0000,0.0000,-0.9135,0.4068,
0.7853,1.6760,0.0000,0.0000,0.0000,-0.9135,0.4068,
0.7807,1.6709,0.0000,0.0000,0.0000,-0.9135,0.4068,
0.7761,1.6659,0.0000,0.0000,0.0000,-0.9135,0.4068,
0.7716,1.6608,0.0000,0.0000,0.0000,-0.9135,0.4068,
0.7624,1.6506,0.0000,0.0000,0.0000,-0.8902,0.4555,
0.7585,1.6452,0.0000,0.0000,0.0000,-0.8902,0.4555,
0.7546,1.6397,0.0000,0.0000,0.0000,-0.8902,0.4555,
0.7506,1.6343,0.0000,0.0000,0.0000,-0.8902,0.4555,
0.7467,1.6289,0.0000,0.0000,0.0000,-0.8902,0.4555,
0.7428,1.6234,0.0000,0.0000,0.0000,-0.8902,0.4555,
0.7389,1.6180,0.0000,0.0000,0.0000,-0.8902,0.4555,
0.7349,1.6125,0.0000,0.0000,0.0000,-0.8902,0.4555,
0.7310,1.6071,0.0000,0.0000,0.0000,-0.8902,0.4555,
0.7271,1.6017,0.0000,0.0000,0.0000,-0.8902,0.4555,
0.7232,1.5962,0.0000,0.0000,0.0000,-0.8902,0.4555,
0.7192,1.5908,0.0000,0.0000,0.0000,-0.8902,0.4555,
0.7153,1.5854,0.0000,0.0000,0.0000,-0.8902,0.4555,
0.7114,1.5799,0.0000,0.0000,0.0000,-0.8902,0.4555,
0.7075,1.5745,0.0000,0.0000,0.0000,-0.8902,0.4555,
0.7035,1.5690,0.0000,0.0000,0.0000,-0.8902,0.4555,
0.6996,1.5636,0.0000,0.0000,0.0000,-0.8902,0.4555,
0.6957,1.5582,0.0000,0.0000,0.0000,-0.8902,0.4555,
0.6918,1.5527,0.0000,0.0000,0.0000,-0.8902,0.4555,
0.6879,1.5473,0.0000,0.0000,0.0000,-0.8902,0.4555,
0.6839,1.5418,0.0000,0.0000,0.0000,-0.8902,0.4555,
0.6800,1.5364,0.0000,0.0000,0.0000,-0.8902,0.4555,
0.6761,1.5310,0.0000,0.0000,0.0000,-0.8902,0.4555,
0.6722,1.5255,0.0000,0.0000,0.0000,-0.8902,0.4555,
0.6682,1.5201,0.0000,0.0000,0.0000,-0.8902,0.4555,
0.6604,1.5092,0.0000,0.0000,0.0000,-0.8581,0.5135,
0.6572,1.5032,0.0000,0.0000,0.0000,-0.8581,0.5135,
0.6540,1.4972,0.0000,0.0000,0.0000,-0.8581,0.5135,
0.6508,1.4913,0.0000,0.0000,0.0000,-0.8581,0.5135,
0.6476,1.4853,0.0000,0.0000,0.0000,-0.8581,0.5135,
0.6444,1.4793,0.0000,0.0000,0.0000,-0.8581,0.5135,
0.6412,1.4733,0.0000,0.0000,0.0000,-0.8581,0.5135,
0.6379,1.4674,0.0000,0.0000,0.0000,-0.8581,0.5135,
0.6347,1.4614,0.0000,0.0000,0.0000,-0.8581,0.5135,
0.6315,1.4554,0.0000,0.0000,0.0000,-0.8581,0.5135,
0.6283,1.4494,0.0000,0.0000,0.0000,-0.8581,0.5135,
0.6251,1.4434,0.0000,0.0000,0.0000,-0.8581,0.5135,
0.6219,1.4375,0.0000,0.0000,0.0000,-0.8581,0.5135,
0.6187,1.4315,0.0000,0.0000,0.0000,-0.8581,0.5135,
0.6155,1.4255,0.0000,0.0000,0.0000,-0.8581,0.5135,
0.6123,1.4195,0.0000,0.0000,0.0000,-0.8581,0.5135,
0.6091,1.4135,0.0000,0.0000,0.0000,-0.8581,0.5135,
0.6059,1.4076,0.0000,0.0000,0.0000,-0.8581,0.5135,
0.6027,1.4016,0.0000,0.0000,0.0000,-0.8581,0.5135,
0.5995,1.3956,0.0000,0.0000,0.0000,-0.8581,0.5135,
0.5963,1.3896,0.0000,0.0000,0.0000,-0.8581,0.5135,
0.5899,1.3777,0.0000,0.0000,0.0000,-0.7761,0.6306,
0.5885,1.3711,0.0000,0.0000,0.0000,-0.7761,0.6306,
0.5871,1.3645,0.0000,0.0000,0.0000,-0.7761,0.6306,
0.5857,1.3579,0.0000,0.0000,0.0000,-0.7761,0.6306,
0.5843,1.3513,0.0000,0.0000,0.0000,-0.7761,0.6306,
0.5830,1.3447,0.0000,0.0000,0.0000,-0.7761,0.6306,
0.5816,1.3381,0.0000,0.0000,0.0000,-0.7761,0.6306,
0.5802,1.3314,0.0000,0.0000,0.0000,-0.7761,0.6306,
0.5788,1.3248,0.0000,0.0000,0.0000,-0.7761,0.6306,
0.5774,1.3182,0.0000,0.0000,0.0000,-0.7761,0.6306,
0.5760,1.3116,0.0000,0.0000,0.0000,-0.7761,0.6306,
0.5747,1.3050,0.0000,0.0000,0.0000,-0.7761,0.6306,
0.5733,1.2984,0.0000,0.0000,0.0000,-0.7761,0.6306,
0.5719,1.2918,0.0000,0.0000,0.0000,-0.7761,0.6306,
0.5705,1.2852,0.0000,0.0000,0.0000,-0.7761,0.6306,
0.5691,1.2786,0.0000,0.0000,0.0000,-0.7761,0.6306,
0.5678,1.2720,0.0000,0.0000,0.0000,-0.7761,0.6306,
0.5664,1.2654,0.0000,0.0000,0.0000,-0.7761,0.6306,
0.5650,1.2588,0.0000,0.0000,0.0000,-0.7761,0.6306,
0.5636,1.2522,0.0000,0.0000,0.0000,-0.7761,0.6306,
0.5622,1.2456,0.0000,0.0000,0.0000,-0.7761,0.6306,
0.5595,1.2324,0.0000,0.0000,0.0000,-0.6973,0.7167,
0.5597,1.2257,0.0000,0.0000,0.0000,-0.6973,0.7167,
0.5598,1.2189,0.0000,0.0000,0.0000,-0.6973,0.7167,
0.5600,1.2122,0.0000,0.0000,0.0000,-0.6973,0.7167,
0.5602,1.2055,0.0000,0.0000,0.0000,-0.6973,0.7167,
0.5604,1.1987,0.0000,0.0000,0.0000,-0.6973,0.7167,
0.5606,1.1920,0.0000,0.0000,0.0000,-0.6973,0.7167,
0.5608,1.1853,0.0000,0.0000,0.0000,-0.6973,0.7167,
0.5609,1.1785,0.0000,0.0000,0.0000,-0.6973,0.7167,
0.5611,1.1718,0.0000,0.0000,0.0000,-0.6973,0.7167,
0.5613,1.1651,0.0000,0.0000,0.0000,-0.6973,0.7167,
0.5615,1.1583,0.0000,0.0000,0.0000,-0.6973,0.7167,
0.5617,1.1516,0.0000,0.0000,0.0000,-0.6973,0.7167,
0.5619,1.1449,0.0000,0.0000,0.0000,-0.6973,0.7167,
0.5621,1.1381,0.0000,0.0000,0.0000,-0.6973,0.7167,
0.5622,1.1314,0.0000,0.0000,0.0000,-0.6973,0.7167,
0.5624,1.1247,0.0000,0.0000,0.0000,-0.6973,0.7167,
0.5626,1.1179,0.0000,0.0000,0.0000,-0.6973,0.7167,
0.5628,1.1112,0.0000,0.0000,0.0000,-0.6973,0.7167,
0.5630,1.1045,0.0000,0.0000,0.0000,-0.6973,0.7167,
0.5632,1.0977,0.0000,0.0000,0.0000,-0.6973,0.7167,
0.5633,1.0910,0.0000,0.0000,0.0000,-0.6973,0.7167,
0.5635,1.0842,0.0000,0.0000,0.0000,-0.6973,0.7167,
0.5637,1.0775,0.0000,0.0000,0.0000,-0.6973,0.7167,
0.5639,1.0708,0.0000,0.0000,0.0000,-0.6973,0.7167,
0.5641,1.0640,0.0000,0.0000,0.0000,-0.6973,0.7167,
0.5643,1.0573,0.0000,0.0000,0.0000,-0.6973,0.7167,
0.5645,1.0506,0.0000,0.0000,0.0000,-0.6973,0.7167,
0.5646,1.0438,0.0000,0.0000,0.0000,-0.6973,0.7167,
0.5648,1.0371,0.0000,0.0000,0.0000,-0.6973,0.7167,
0.5650,1.0304,0.0000,0.0000,0.0000,-0.6973,0.7167,
0.5652,1.0236,0.0000,0.0000,0.0000,-0.6973,0.7167,
0.5654,1.0169,0.0000,0.0000,0.0000,-0.6973,0.7167,
0.5656,1.0102,0.0000,0.0000,0.0000,-0.6973,0.7167,
0.5657,1.0034,0.0000,0.0000,0.0000,-0.6973,0.7167,
0.5659,0.9967,0.0000,0.0000,0.0000,-0.6973,0.7167,
0.5663,0.9832,0.0000,0.0000,0.0000,-0.6235,0.7818,
0.5678,0.9766,0.0000,0.0000,0.0000,-0.6235,0.7818,
0.5693,0.9699,0.0000,0.0000,0.0000,-0.6235,0.7818,
0.5709,0.9633,0.0000,0.0000,0.0000,-0.6235,0.7818,
0.5724,0.9566,0.0000,0.0000,0.0000,-0.6235,0.7818,
0.5739,0.9500,0.0000,0.0000,0.0000,-0.6235,0.7818,
0.5754,0.9433,0.0000,0.0000,0.0000,-0.6235,0.7818,
0.5769,0.9367,0.0000,0.0000,0.0000,-0.6235,0.7818,
0.5784,0.9300,0.0000,0.0000,0.0000,-0.6235,0.7818,
0.5800,0.9234,0.0000,0.0000,0.0000,-0.6235,0.7818,
0.5815,0.9167,0.0000,0.0000,0.0000,-0.6235,0.7818,
0.5830,0.9101,0.0000,0.0000,0.0000,-0.6235,0.7818,
0.5845,0.9034,0.0000,0.0000,0.0000,-0.6235,0.7818,
0.5860,0.8968,0.0000,0.0000,0.0000,-0.6235,0.7818,
0.5875,0.8901,0.0000,0.0000,0.0000,-0.6235,0.7818,
0.5891,0.8835,0.0000,0.0000,0.0000,-0.6235,0.7818,
0.5906,0.8768,0.0000,0.0000,0.0000,-0.6235,0.7818,
0.5921,0.8702,0.0000,0.0000,0.0000,-0.6235,0.7818,
0.5951,0.8569,0.0000,0.0000,0.0000,-0.5270,0.8499,
0.5982,0.8506,0.0000,0.0000,0.0000,-0.5270,0.8499,
0.6013,0.8444,0.0000,0.0000,0.0000,-0.5270,0.8499,
0.6044,0.8382,0.0000,0.0000,0.0000,-0.5270,0.8499,
0.6075,0.8320,0.0000,0.0000,0.0000,-0.5270,0.8499,
0.6106,0.8257,0.0000,0.0000,0.0000,-0.5270,0.8499,
0.6137,0.8195,0.0000,0.0000,0.0000,-0.5270,0.8499,
0.6168,0.8133,0.0000,0.0000,0.0000,-0.5270,0.8499,
0.6198,0.8071,0.0000,0.0000,0.0000,-0.5270,0.8499,
0.6229,0.8009,0.0000,0.0000,0.0000,-0.5270,0.8499,
0.6260,0.7946,0.0000,0.0000,0.0000,-0.5270,0.8499,
0.6291,0.7884,0.0000,0.0000,0.0000,-0.5270,0.8499,
0.6322,0.7822,0.0000,0.0000,0.0000,-0.5270,0.8499,
0.6353,0.7760,0.0000,0.0000,0.0000,-0.5270,0.8499,
0.6384,0.7697,0.0000,0.0000,0.0000,-0.5270,0.8499,
0.6415,0.7635,0.0000,0.0000,0.0000,-0.5270,0.8499,
0.6446,0.7573,0.0000,0.0000,0.0000,-0.5270,0.8499,
0.6476,0.7511,0.0000,0.0000,0.0000,-0.5270,0.8499,
0.6507,0.7448,0.0000,0.0000,0.0000,-0.5270,0.8499,
0.6569,0.7324,0.0000,0.0000,0.0000,-0.3987,0.9171,
0.6616,0.7273,0.0000,0.0000,0.0000,-0.3987,0.9171,
0.6664,0.7222,0.0000,0.0000,0.0000,-0.3987,0.9171,
0.6711,0.7172,0.0000,0.0000,0.0000,-0.3987,0.9171,
0.6758,0.7121,0.0000,0.0000,0.0000,-0.3987,0.9171,
0.6806,0.7070,0.0000,0.0000,0.0000,-0.3987,0.9171,
0.6853,0.7020,0.0000,0.0000,0.0000,-0.3987,0.9171,
0.6900,0.6969,0.0000,0.0000,0.0000,-0.3987,0.9171,
0.6947,0.6918,0.0000,0.0000,0.0000,-0.3987,0.9171,
0.6995,0.6868,0.0000,0.0000,0.0000,-0.3987,0.9171,
0.7042,0.6817,0.0000,0.0000,0.0000,-0.3987,0.9171,
0.7089,0.6766,0.0000,0.0000,0.0000,-0.3987,0.9171,
0.7137,0.6715,0.0000,0.0000,0.0000,-0.3987,0.9171,
0.7184,0.6665,0.0000,0.0000,0.0000,-0.3987,0.9171,
0.7231,0.6614,0.0000,0.0000,0.0000,-0.3987,0.9171,
0.7278,0.6563,0.0000,0.0000,0.0000,-0.3987,0.9171,
0.7326,0.6513,0.0000,0.0000,0.0000,-0.3987,0.9171,
0.7373,0.6462,0.0000,0.0000,0.0000,-0.3987,0.9171,
0.7420,0.6411,0.0000,0.0000,0.0000,-0.3987,0.9171,
0.7467,0.6361,0.0000,0.0000,0.0000,-0.3987,0.9171,
0.7515,0.6310,0.0000,0.0000,0.0000,-0.3987,0.9171,
0.7562,0.6259,0.0000,0.0000,0.0000,-0.3987,0.9171,
0.7609,0.6208,0.0000,0.0000,0.0000,-0.3987,0.9171,
0.7704,0.6107,0.0000,0.0000,0.0000,-0.2470,0.9690,
0.7763,0.6075,0.0000,0.0000,0.0000,-0.2470,0.9690,
0.7821,0.6043,0.0000,0.0000,0.0000,-0.2470,0.9690,
0.7880,0.6011,0.0000,0.0000,0.0000,-0.2470,0.9690,
0.7938,0.5979,0.0000,0.0000,0.0000,-0.2470,0.9690,
0.7997,0.5947,0.0000,0.0000,0.0000,-0.2470,0.9690,
0.8056,0.5915,0.0000,0.0000,0.0000,-0.2470,0.9690,
0.8114,0.5883,0.0000,0.0000,0.0000,-0.2470,0.9690,
0.8173,0.5851,0.0000,0.0000,0.0000,-0.2470,0.9690,
0.8232,0.5819,0.0000,0.0000,0.0000,-0.2470,0.9690,
0.8290,0.5787,0.0000,0.0000,0.0000,-0.2470,0.9690,
0.8349,0.5755,0.0000,0.0000,0.0000,-0.2470,0.9690,
0.8408,0.5723,0.0000,0.0000,0.0000,-0.2470,0.9690,
0.8466,0.5691,0.0000,0.0000,0.0000,-0.2470,0.9690,
0.8525,0.5659,0.0000,0.0000,0.0000,-0.2470,0.9690,
0.8583,0.5627,0.0000,0.0000,0.0000,-0.2470,0.9690,
0.8642,0.5596,0.0000,0.0000,0.0000,-0.2470,0.9690,
0.8701,0.5564,0.0000,0.0000,0.0000,-0.2470,0.9690,
0.8759,0.5532,0.0000,0.0000,0.0000,-0.2470,0.9690,
0.8818,0.5500,0.0000,0.0000,0.0000,-0.2470,0.9690,
0.8877,0.5468,0.0000,0.0000,0.0000,-0.2470,0.9690,
0.8935,0.5436,0.0000,0.0000,0.0000,-0.2470,0.9690,
0.8994,0.5404,0.0000,0.0000,0.0000,-0.2470,0.9690,
0.9053,0.5372,0.0000,0.0000,0.0000,-0.2470,0.9690,
0.9111,0.5340,0.0000,0.0000,0.0000,-0.2470,0.9690,
0.9170,0.5308,0.0000,0.0000,0.0000,-0.2470,0.9690,
0.9228,0.5276,0.0000,0.0000,0.0000,-0.2470,0.9690,
0.9346,0.5212,0.0000,0.0000,0.0000,-0.0049,1.0000,
0.9413,0.5211,0.0000,0.0000,0.0000,-0.0049,1.0000,
0.9479,0.5211,0.0000,0.0000,0.0000,-0.0049,1.0000,
0.9546,0.5210,0.0000,0.0000,0.0000,-0.0049,1.0000,
0.9613,0.5209,0.0000,0.0000,0.0000,-0.0049,1.0000,
0.9680,0.5209,0.0000,0.0000,0.0000,-0.0049,1.0000,
0.9747,0.5208,0.0000,0.0000,0.0000,-0.0049,1.0000,
0.9813,0.5207,0.0000,0.0000,0.0000,-0.0049,1.0000,
0.9880,0.5207,0.0000,0.0000,0.0000,-0.0049,1.0000,
0.9947,0.5206,0.0000,0.0000,0.0000,-0.0049,1.0000,
1.0014,0.5205,0.0000,0.0000,0.0000,-0.0049,1.0000,
1.0081,0.5205,0.0000,0.0000,0.0000,-0.0049,1.0000,
1.0148,0.5204,0.0000,0.0000,0.0000,-0.0049,1.0000,
1.0214,0.5203,0.0000,0.0000,0.0000,-0.0049,1.0000,
1.0281,0.5203,0.0000,0.0000,0.0000,-0.0049,1.0000,
1.0348,0.5202,0.0000,0.0000,0.0000,-0.0049,1.0000,
1.0415,0.5201,0.0000,0.0000,0.0000,-0.0049,1.0000,
1.0482,0.5201,0.0000,0.0000,0.0000,-0.0049,1.0000,
1.0548,0.5200,0.0000,0.0000,0.0000,-0.0049,1.0000,
1.0615,0.5199,0.0000,0.0000,0.0000,-0.0049,1.0000,
1.0682,0.5199,0.0000,0.0000,0.0000,-0.0049,1.0000,
1.0749,0.5198,0.0000,0.0000,0.0000,-0.0049,1.0000,
1.0816,0.5197,0.0000,0.0000,0.0000,-0.0049,1.0000,
1.0883,0.5197,0.0000,0.0000,0.0000,-0.0049,1.0000,
1.0949,0.5196,0.0000,0.0000,0.0000,-0.0049,1.0000,
1.1016,0.5195,0.0000,0.0000,0.0000,-0.0049,1.0000,
1.1083,0.5195,0.0000,0.0000,0.0000,-0.0049,1.0000,
1.1150,0.5194,0.0000,0.0000,0.0000,-0.0049,1.0000,
1.1217,0.5194,0.0000,0.0000,0.0000,-0.0049,1.0000,
1.1284,0.5193,0.0000,0.0000,0.0000,-0.0049,1.0000,
1.1350,0.5192,0.0000,0.0000,0.0000,-0.0049,1.0000,
1.1417,0.5192,0.0000,0.0000,0.0000,-0.0049,1.0000,
1.1484,0.5191,0.0000,0.0000,0.0000,-0.0049,1.0000,
1.1551,0.5190,0.0000,0.0000,0.0000,-0.0049,1.0000,
1.1618,0.5190,0.0000,0.0000,0.0000,-0.0049,1.0000,
1.1684,0.5189,0.0000,0.0000,0.0000,-0.0049,1.0000,
1.1751,0.5188,0.0000,0.0000,0.0000,-0.0049,1.0000,
1.1818,0.5188,0.0000,0.0000,0.0000,-0.0049,1.0000,
1.1885,0.5187,0.0000,0.0000,0.0000,-0.0049,1.0000,
1.1952,0.5186,0.0000,0.0000,0.0000,-0.0049,1.0000,
1.2019,0.5186,0.0000,0.0000,0.0000,-0.0049,1.0000,
1.2085,0.5185,0.0000,0.0000,0.0000,-0.0049,1.0000,
1.2152,0.5184,0.0000,0.0000,0.0000,-0.0049,1.0000,
1.2219,0.5184,0.0000,0.0000,0.0000,-0.0049,1.0000,
1.2286,0.5183,0.0000,0.0000,0.0000,-0.0049,1.0000,
1.2353,0.5182,0.0000,0.0000,0.0000,-0.0049,1.0000,
1.2419,0.5182,0.0000,0.0000,0.0000,-0.0049,1.0000,
1.2486,0.5181,0.0000,0.0000,0.0000,-0.0049,1.0000,
1.2553,0.5180,0.0000,0.0000,0.0000,-0.0049,1.0000,
1.2620,0.5180,0.0000,0.0000,0.0000,-0.0049,1.0000,
1.2687,0.5179,0.0000,0.0000,0.0000,-0.0049,1.0000,
1.2754,0.5178,0.0000,0.0000,0.0000,-0.0049,1.0000,
1.2820,0.5178,0.0000,0.0000,0.0000,-0.0049,1.0000,
1.2887,0.5177,0.0000,0.0000,0.0000,-0.0049,1.0000,
1.2954,0.5177,0.0000,0.0000,0.0000,-0.0049,1.0000,
1.3021,0.5176,0.0000,0.0000,0.0000,-0.0049,1.0000,
1.3088,0.5175,0.0000,0.0000,0.0000,-0.0049,1.0000,
1.3154,0.5175,0.0000,0.0000,0.0000,-0.0049,1.0000,
1.3221,0.5174,0.0000,0.0000,0.0000,-0.0049,1.0000,
1.3288,0.5173,0.0000,0.0000,0.0000,-0.0049,1.0000,
1.3355,0.5173,0.0000,0.0000,0.0000,-0.0049,1.0000,
1.3422,0.5172,0.0000,0.0000,0.0000,-0.0049,1.0000,
1.3489,0.5171,0.0000,0.0000,0.0000,-0.0049,1.0000,
1.3555,0.5171,0.0000,0.0000,0.0000,-0.0049,1.0000,
1.3622,0.5170,0.0000,0.0000,0.0000,-0.0049,1.0000,
1.3689,0.5169,0.0000,0.0000,0.0000,-0.0049,1.0000,
1.3756,0.5169,0.0000,0.0000,0.0000,-0.0049,1.0000,
1.3823,0.5168,0.0000,0.0000,0.0000,-0.0049,1.0000,
1.3889,0.5167,0.0000,0.0000,0.0000,-0.0049,1.0000,
1.3956,0.5167,0.0000,0.0000,0.0000,-0.0049,1.0000,
1.4090,0.5165,0.0000,0.0000,0.0000,0.1509,0.9886,
1.4155,0.5186,0.0000,0.0000,0.0000,0.1509,0.9886,
1.4220,0.5206,0.0000,0.0000,0.0000,0.1509,0.9886,
1.4285,0.5226,0.0000,0.0000,0.0000,0.1509,0.9886,
1.4350,0.5247,0.0000,0.0000,0.0000,0.1509,0.9886,
1.4415,0.5267,0.0000,0.0000,0.0000,0.1509,0.9886,
1.4480,0.5287,0.0000,0.0000,0.0000,0.1509,0.9886,
1.4546,0.5308,0.0000,0.0000,0.0000,0.1509,0.9886,
1.4611,0.5328,0.0000,0.0000,0.0000,0.1509,0.9886,
1.4676,0.5348,0.0000,0.0000,0.0000,0.1509,0.9886,
1.4741,0.5369,0.0000,0.0000,0.0000,0.1509,0.9886,
1.4806,0.5389,0.0000,0.0000,0.0000,0.1509,0.9886,
1.4871,0.5409,0.0000,0.0000,0.0000,0.1509,0.9886,
1.4936,0.5430,0.0000,0.0000,0.0000,0.1509,0.9886,
1.5001,0.5450,0.0000,0.0000,0.0000,0.1509,0.9886,
1.5066,0.5471,0.0000,0.0000,0.0000,0.1509,0.9886,
1.5131,0.5491,0.0000,0.0000,0.0000,0.1509,0.9886,
1.5196,0.5511,0.0000,0.0000,0.0000,0.1509,0.9886,
1.5327,0.5552,0.0000,0.0000,0.0000,0.2860,0.9582,
1.5384,0.5590,0.0000,0.0000,0.0000,0.2860,0.9582,
1.5442,0.5628,0.0000,0.0000,0.0000,0.2860,0.9582,
1.5500,0.5665,0.0000,0.0000,0.0000,0.2860,0.9582,
1.5557,0.5703,0.0000,0.0000,0.0000,0.2860,0.9582,
1.5615,0.5741,0.0000,0.0000,0.0000,0.2860,0.9582,
1.5673,0.5779,0.0000,0.0000,0.0000,0.2860,0.9582,
1.5731,0.5817,0.0000,0.0000,0.0000,0.2860,0.9582,
1.5788,0.5854,0.0000,0.0000,0.0000,0.2860,0.9582,
1.5846,0.5892,0.0000,0.0000,0.0000,0.2860,0.9582,
1.5904,0.5930,0.0000,0.0000,0.0000,0.2860,0.9582,
1.5962,0.5968,0.0000,0.0000,0.0000,0.2860,0.9582,
1.6019,0.6006,0.0000,0.0000,0.0000,0.2860,0.9582,
1.6077,0.6044,0.0000,0.0000,0.0000,0.2860,0.9582,
1.6135,0.6081,0.0000,0.0000,0.0000,0.2860,0.9582,
1.6192,0.6119,0.0000,0.0000,0.0000,0.2860,0.9582,
1.6250,0.6157,0.0000,0.0000,0.0000,0.2860,0.9582,
1.6308,0.6195,0.0000,0.0000,0.0000,0.2860,0.9582,
1.6366,0.6233,0.0000,0.0000,0.0000,0.2860,0.9582,
1.6423,0.6271,0.0000,0.0000,0.0000,0.2860,0.9582,
1.6481,0.6308,0.0000,0.0000,0.0000,0.2860,0.9582,
1.6539,0.6346,0.0000,0.0000,0.0000,0.2860,0.9582,
1.6597,0.6384,0.0000,0.0000,0.0000,0.2860,0.9582,
1.6712,0.6460,0.0000,0.0000,0.0000,0.4063,0.9137,
1.6757,0.6510,0.0000,0.0000,0.0000,0.4063,0.9137,
1.6802,0.6560,0.0000,0.0000,0.0000,0.4063,0.9137,
1.6847,0.6610,0.0000,0.0000,0.0000,0.4063,0.9137,
1.6892,0.6660,0.0000,0.0000,0.0000,0.4063,0.9137,
1.6937,0.6710,0.0000,0.0000,0.0000,0.4063,0.9137,
1.6982,0.6759,0.0000,0.0000,0.0000,0.4063,0.9137,
1.7027,0.6809,0.0000,0.0000,0.0000,0.4063,0.9137,
1.7073,0.6859,0.0000,0.0000,0.0000,0.4063,0.9137,
1.7118,0.6909,0.0000,0.0000,0.0000,0.4063,0.9137,
1.7163,0.6959,0.0000,0.0000,0.0000,0.4063,0.9137,
1.7208,0.7009,0.0000,0.0000,0.0000,0.4063,0.9137,
1.7253,0.7059,0.0000,0.0000,0.0000,0.4063,0.9137,
1.7298,0.7109,0.0000,0.0000,0.0000,0.4063,0.9137,
1.7343,0.7159,0.0000,0.0000,0.0000,0.4063,0.9137,
1.7388,0.7209,0.0000,0.0000,0.0000,0.4063,0.9137,
1.7433,0.7259,0.0000,0.0000,0.0000,0.4063,0.9137,
1.7478,0.7309,0.0000,0.0000,0.0000,0.4063,0.9137,
1.7523,0.7359,0.0000,0.0000,0.0000,0.4063,0.9137,
1.7568,0.7409,0.0000,0.0000,0.0000,0.4063,0.9137,
1.7613,0.7459,0.0000,0.0000,0.0000,0.4063,0.9137,
1.7659,0.7509,0.0000,0.0000,0.0000,0.4063,0.9137,
1.7704,0.7559,0.0000,0.0000,0.0000,0.4063,0.9137,
1.7749,0.7609,0.0000,0.0000,0.0000,0.4063,0.9137,
1.7794,0.7659,0.0000,0.0000,0.0000,0.4063,0.9137,
1.7839,0.7709,0.0000,0.0000,0.0000,0.4063,0.9137,
1.7884,0.7759,0.0000,0.0000,0.0000,0.4063,0.9137,
1.7929,0.7809,0.0000,0.0000,0.0000,0.4063,0.9137,
1.7974,0.7859,0.0000,0.0000,0.0000,0.4063,0.9137,
1.8019,0.7909,0.0000,0.0000,0.0000,0.4063,0.9137,
1.8064,0.7959,0.0000,0.0000,0.0000,0.4063,0.9137,
1.8109,0.8009,0.0000,0.0000,0.0000,0.4063,0.9137,
1.8154,0.8059,0.0000,0.0000,0.0000,0.4063,0.9137,
1.8199,0.8109,0.0000,0.0000,0.0000,0.4063,0.9137,
1.8245,0.8159,0.0000,0.0000,0.0000,0.4063,0.9137,
1.8290,0.8209,0.0000,0.0000,0.0000,0.4063,0.9137,
1.8335,0.8259,0.0000,0.0000,0.0000,0.4063,0.9137,
1.8380,0.8309,0.0000,0.0000,0.0000,0.4063,0.9137,
1.8425,0.8359,0.0000,0.0000,0.0000,0.4063,0.9137,
1.8470,0.8409,0.0000,0.0000,0.0000,0.4063,0.9137,
1.8515,0.8459,0.0000,0.0000,0.0000,0.4063,0.9137,
1.8560,0.8509,0.0000,0.0000,0.0000,0.4063,0.9137,
1.8605,0.8559,0.0000,0.0000,0.0000,0.4063,0.9137,
1.8650,0.8609,0.0000,0.0000,0.0000,0.4063,0.9137,
1.8695,0.8659,0.0000,0.0000,0.0000,0.4063,0.9137,
1.8740,0.8709,0.0000,0.0000,0.0000,0.4063,0.9137,
1.8785,0.8758,0.0000,0.0000,0.0000,0.4063,0.9137,
1.8831,0.8808,0.0000,0.0000,0.0000,0.4063,0.9137,
1.8876,0.8858,0.0000,0.0000,0.0000,0.4063,0.9137,
1.8921,0.8908,0.0000,0.0000,0.0000,0.4063,0.9137,
1.8966,0.8958,0.0000,0.0000,0.0000,0.4063,0.9137,
1.9011,0.9008,0.0000,0.0000,0.0000,0.4063,0.9137,
1.9056,0.9058,0.0000,0.0000,0.0000,0.4063,0.9137,
1.9101,0.9108,0.0000,0.0000,0.0000,0.4063,0.9137,
1.9146,0.9158,0.0000,0.0000,0.0000,0.4063,0.9137,
1.9191,0.9208,0.0000,0.0000,0.0000,0.4063,0.9137,
1.9236,0.9258,0.0000,0.0000,0.0000,0.4063,0.9137,
1.9281,0.9308,0.0000,0.0000,0.0000,0.4063,0.9137,
1.9326,0.9358,0.0000,0.0000,0.0000,0.4063,0.9137,
1.9371,0.9408,0.0000,0.0000,0.0000,0.4063,0.9137,
1.9417,0.9458,0.0000,0.0000,0.0000,0.4063,0.9137,
1.9462,0.9508,0.0000,0.0000,0.0000,0.4063,0.9137,
1.9507,0.9558,0.0000,0.0000,0.0000,0.4063,0.9137,
1.9552,0.9608,0.0000,0.0000,0.0000,0.4063,0.9137,
1.9597,0.9658,0.0000,0.0000,0.0000,0.4063,0.9137,
1.9642,0.9708,0.0000,0.0000,0.0000,0.4063,0.9137,
1.9687,0.9758,0.0000,0.0000,0.0000,0.4063,0.9137,
1.9732,0.9808,0.0000,0.0000,0.0000,0.4063,0.9137,
1.9777,0.9858,0.0000,0.0000,0.0000,0.4063,0.9137,
1.9822,0.9908,0.0000,0.0000,0.0000,0.4063,0.9137,
1.9867,0.9958,0.0000,0.0000,0.0000,0.4063,0.9137,
1.9912,1.0008,0.0000,0.0000,0.0000,0.4063,0.9137,
1.9957,1.0058,0.0000,0.0000,0.0000,0.4063,0.9137,
2.0003,1.0108,0.0000,0.0000,0.0000,0.4063,0.9137,
2.0048,1.0158,0.0000,0.0000,0.0000,0.4063,0.9137,
2.0138,1.0258,0.0000,0.0000,0.0000,0.3181,0.9480,
2.0193,1.0300,0.0000,0.0000,0.0000,0.3181,0.9480,
2.0249,1.0342,0.0000,0.0000,0.0000,0.3181,0.9480,
2.0305,1.0384,0.0000,0.0000,0.0000,0.3181,0.9480,
2.0361,1.0426,0.0000,0.0000,0.0000,0.3181,0.9480,
2.0416,1.0469,0.0000,0.0000,0.0000,0.3181,0.9480,
2.0472,1.0511,0.0000,0.0000,0.0000,0.3181,0.9480,
2.0528,1.0553,0.0000,0.0000,0.0000,0.3181,0.9480,
2.0584,1.0595,0.0000,0.0000,0.0000,0.3181,0.9480,
2.0639,1.0637,0.0000,0.0000,0.0000,0.3181,0.9480,
2.0695,1.0679,0.0000,0.0000,0.0000,0.3181,0.9480,
2.0751,1.0722,0.0000,0.0000,0.0000,0.3181,0.9480,
2.0807,1.0764,0.0000,0.0000,0.0000,0.3181,0.9480,
2.0918,1.0848,0.0000,0.0000,0.0000,0.2780,0.9606,
2.0977,1.0885,0.0000,0.0000,0.0000,0.2780,0.9606,
2.1036,1.0923,0.0000,0.0000,0.0000,0.2780,0.9606,
2.1095,1.0960,0.0000,0.0000,0.0000,0.2780,0.9606,
2.1154,1.0997,0.0000,0.0000,0.0000,0.2780,0.9606,
2.1213,1.1034,0.0000,0.0000,0.0000,0.2780,0.9606,
2.1273,1.1072,0.0000,0.0000,0.0000,0.2780,0.9606,
2.1332,1.1109,0.0000,0.0000,0.0000,0.2780,0.9606,
2.1391,1.1146,0.0000,0.0000,0.0000,0.2780,0.9606,
2.1450,1.1184,0.0000,0.0000,0.0000,0.2780,0.9606,
2.1509,1.1221,0.0000,0.0000,0.0000,0.2780,0.9606,
2.1568,1.1258,0.0000,0.0000,0.0000,0.2780,0.9606,
2.1627,1.1296,0.0000,0.0000,0.0000,0.2780,0.9606,
2.1686,1.1333,0.0000,0.0000,0.0000,0.2780,0.9606,
2.1745,1.1370,0.0000,0.0000,0.0000,0.2780,0.9606,
2.1804,1.1407,0.0000,0.0000,0.0000,0.2780,0.9606,
2.1922,1.1482,0.0000,0.0000,0.0000,0.2165,0.9763,
2.1983,1.1510,0.0000,0.0000,0.0000,0.2165,0.9763,
2.2043,1.1539,0.0000,0.0000,0.0000,0.2165,0.9763,
2.2104,1.1567,0.0000,0.0000,0.0000,0.2165,0.9763,
2.2164,1.1595,0.0000,0.0000,0.0000,0.2165,0.9763,
2.2225,1.1623,0.0000,0.0000,0.0000,0.2165,0.9763,
2.2285,1.1651,0.0000,0.0000,0.0000,0.2165,0.9763,
2.2346,1.1680,0.0000,0.0000,0.0000,0.2165,0.9763,
2.2406,1.1708,0.0000,0.0000,0.0000,0.2165,0.9763,
2.2467,1.1736,0.0000,0.0000,0.0000,0.2165,0.9763,
2.2527,1.1764,0.0000,0.0000,0.0000,0.2165,0.9763,
2.2588,1.1793,0.0000,0.0000,0.0000,0.2165,0.9763,
2.2648,1.1821,0.0000,0.0000,0.0000,0.2165,0.9763,
2.2709,1.1849,0.0000,0.0000,0.0000,0.2165,0.9763,
2.2769,1.1877,0.0000,0.0000,0.0000,0.2165,0.9763,
2.2890,1.1934,0.0000,0.0000,0.0000,0.0235,0.9997,
2.2959,1.1937,0.0000,0.0000,0.0000,0.0235,0.9997,
2.3029,1.1940,0.0000,0.0000,0.0000,0.0235,0.9997,
2.3098,1.1943,0.0000,0.0000,0.0000,0.0235,0.9997,
2.3167,1.1947,0.0000,0.0000,0.0000,0.0235,0.9997,
2.3236,1.1950,0.0000,0.0000,0.0000,0.0235,0.9997,
2.3305,1.1953,0.0000,0.0000,0.0000,0.0235,0.9997,
2.3374,1.1956,0.0000,0.0000,0.0000,0.0235,0.9997,
2.3443,1.1960,0.0000,0.0000,0.0000,0.0235,0.9997,
2.3512,1.1963,0.0000,0.0000,0.0000,0.0235,0.9997,
2.3581,1.1966,0.0000,0.0000,0.0000,0.0235,0.9997,
2.3650,1.1969,0.0000,0.0000,0.0000,0.0235,0.9997,
2.3719,1.1973,0.0000,0.0000,0.0000,0.0235,0.9997,
2.3788,1.1976,0.0000,0.0000,0.0000,0.0235,0.9997,
2.3857,1.1979,0.0000,0.0000,0.0000,0.0235,0.9997,
2.3927,1.1982,0.0000,0.0000,0.0000,0.0235,0.9997,
2.3996,1.1986,0.0000,0.0000,0.0000,0.0235,0.9997,
2.4065,1.1989,0.0000,0.0000,0.0000,0.0235,0.9997,
