4.2305,1.2010,0.0000,0.0000,0.0000,0.0187,0.9998,
4.2373,1.2012,0.0000,0.0000,0.0000,0.0187,0.9998,
4.2440,1.2015,0.0000,0.0000,0.0000,0.0187,0.9998,
4.2508,1.2017,0.0000,0.0000,0.0000,0.0187,0.9998,
4.2576,1.2020,0.0000,0.0000,0.0000,0.0187,0.9998,
4.2644,1.2022,0.0000,0.0000,0.0000,0.0187,0.9998,
4.2712,1.2025,0.0000,0.0000,0.0000,0.0187,0.9998,
4.2780,1.2027,0.0000,0.0000,0.0000,0.0187,0.9998,
4.2848,1.2030,0.0000,0.0000,0.0000,0.0187,0.9998,
4.2916,1.2033,0.0000,0.0000,0.0000,0.0187,0.9998,
4.2984,1.2035,0.0000,0.0000,0.0000,0.0187,0.9998,
4.3052,1.2038,0.0000,0.0000,0.0000,0.0187,0.9998,
4.3120,1.2040,0.0000,0.0000,0.0000,0.0187,0.9998,
4.3188,1.2043,0.0000,0.0000,0.0000,0.0187,0.9998,
4.3255,1.2045,0.0000,0.0000,0.0000,0.0187,0.9998,
4.3323,1.2048,0.0000,0.0000,0.0000,0.0187,0.9998,
4.3391,1.2050,0.0000,0.0000,0.0000,0.0187,0.9998,
4.3459,1.2053,0.0000,0.0000,0.0000,0.0187,0.9998,
4.3527,1.2055,0.0000,0.0000,0.0000,0.0187,0.9998,
4.3595,1.2058,0.0000,0.0000,0.0000,0.0187,0.9998,
4.3663,1.2061,0.0000,0.0000,0.0000,0.0187,0.9998,
4.3731,1.2063,0.0000,0.0000,0.0000,0.0187,0.9998,
4.3799,1.2066,0.0000,0.0000,0.0000,0.0187,0.9998,
4.3867,1.2068,0.0000,0.0000,0.0000,0.0187,0.9998,
4.3935,1.2071,0.0000,0.0000,0.0000,0.0187,0.9998,
4.4002,1.2073,0.0000,0.0000,0.0000,0.0187,0.9998,
4.4070,1.2076,0.0000,0.0000,0.0000,0.0187,0.9998,
4.4138,1.2078,0.0000,0.0000,0.0000,0.0187,0.9998,
4.4206,1.2081,0.0000,0.0000,0.0000,0.0187,0.9998,
4.4274,1.2083,0.0000,0.0000,0.0000,0.0187,0.9998,
4.4342,1.2086,0.0000,0.0000,0.0000,0.0187,0.9998,
4.4410,1.2089,0.0000,0.0000,0.0000,0.0187,0.9998,
4.4478,1.2091,0.0000,0.0000,0.0000,0.0187,0.9998,
4.4546,1.2094,0.0000,0.0000,0.0000,0.0187,0.9998,
4.4614,1.2096,0.0000,0.0000,0.0000,0.0187,0.9998,
4.4682,1.2099,0.0000,0.0000,0.0000,0.0187,0.9998,
4.4750,1.2101,0.0000,0.0000,0.0000,0.0187,0.9998,
4.4817,1.2104,0.0000,0.0000,0.0000,0.0187,0.9998,
4.4885,1.2106,0.0000,0.0000,0.0000,0.0187,0.9998,
4.4953,1.2109,0.0000,0.0000,0.0000,0.0187,0.9998,
4.5021,1.2111,0.0000,0.0000,0.0000,0.0187,0.9998,
4.5089,1.2114,0.0000,0.0000,0.0000,0.0187,0.9998,
4.5157,1.2117,0.0000,0.0000,0.0000,0.0187,0.9998,
4.5225,1.2119,0.0000,0.0000,0.0000,0.0187,0.9998,
4.5293,1.2122,0.0000,0.0000,0.0000,0.0187,0.9998,
4.5361,1.2124,0.0000,0.0000,0.0000,0.0187,0.9998,
4.5497,1.2129,0.0000,0.0000,0.0000,0.1417,0.9899,
4.5561,1.2148,0.0000,0.0000,0.0000,0.1417,0.9899,
4.5626,1.2167,0.0000,0.0000,0.0000,0.1417,0.9899,
4.5690,1.2186,0.0000,0.0000,0.0000,0.1417,0.9899,
4.5755,1.2205,0.0000,0.0000,0.0000,0.1417,0.9899,
4.5819,1.2223,0.0000,0.0000,0.0000,0.1417,0.9899,
4.5884,1.2242,0.0000,0.0000,0.0000,0.1417,0.9899,
4.5948,1.2261,0.0000,0.0000,0.0000,0.1417,0.9899,
4.6013,1.2280,0.0000,0.0000,0.0000,0.1417,0.9899,
4.6077,1.2299,0.0000,0.0000,0.0000,0.1417,0.9899,
4.6142,1.2318,0.0000,0.0000,0.0000,0.1417,0.9899,
4.6206,1.2337,0.0000,0.0000,0.0000,0.1417,0.9899,
4.6270,1.2355,0.0000,0.0000,0.0000,0.1417,0.9899,
4.6335,1.2374,0.0000,0.0000,0.0000,0.1417,0.9899,
4.6464,1.2412,0.0000,0.0000,0.0000,0.2177,0.9760,
4.6529,1.2442,0.0000,0.0000,0.0000,0.2177,0.9760,
4.6594,1.2473,0.0000,0.0000,0.0000,0.2177,0.9760,
4.6659,1.2503,0.0000,0.0000,0.0000,0.2177,0.9760,
4.6724,1.2534,0.0000,0.0000,0.0000,0.2177,0.9760,
4.6789,1.2565,0.0000,0.0000,0.0000,0.2177,0.9760,
4.6854,1.2595,0.0000,0.0000,0.0000,0.2177,0.9760,
4.6919,1.2626,0.0000,0.0000,0.0000,0.2177,0.9760,
4.6984,1.2656,0.0000,0.0000,0.0000,0.2177,0.9760,
4.7049,1.2687,0.0000,0.0000,0.0000,0.2177,0.9760,
4.7114,1.2717,0.0000,0.0000,0.0000,0.2177,0.9760,
4.7244,1.2778,0.0000,0.0000,0.0000,0.3123,0.9500,
4.7298,1.2818,0.0000,0.0000,0.0000,0.3123,0.9500,
4.7352,1.2857,0.0000,0.0000,0.0000,0.3123,0.9500,
4.7405,1.2897,0.0000,0.0000,0.0000,0.3123,0.9500,
4.7459,1.2937,0.0000,0.0000,0.0000,0.3123,0.9500,
4.7513,1.2976,0.0000,0.0000,0.0000,0.3123,0.9500,
4.7567,1.3016,0.0000,0.0000,0.0000,0.3123,0.9500,
4.7621,1.3056,0.0000,0.0000,0.0000,0.3123,0.9500,
4.7674,1.3095,0.0000,0.0000,0.0000,0.3123,0.9500,
4.7728,1.3135,0.0000,0.0000,0.0000,0.3123,0.9500,
4.7782,1.3175,0.0000,0.0000,0.0000,0.3123,0.9500,
4.7836,1.3214,0.0000,0.0000,0.0000,0.3123,0.9500,
4.7890,1.3254,0.0000,0.0000,0.0000,0.3123,0.9500,
4.7943,1.3294,0.0000,0.0000,0.0000,0.3123,0.9500,
4.8051,1.3373,0.0000,0.0000,0.0000,0.4620,0.8869,
4.8091,1.3431,0.0000,0.0000,0.0000,0.4620,0.8869,
4.8131,1.3488,0.0000,0.0000,0.0000,0.4620,0.8869,
4.8172,1.3546,0.0000,0.0000,0.0000,0.4620,0.8869,
4.8212,1.3603,0.0000,0.0000,0.0000,0.4620,0.8869,
4.8252,1.3661,0.0000,0.0000,0.0000,0.4620,0.8869,
4.8293,1.3719,0.0000,0.0000,0.0000,0.4620,0.8869,
4.8333,1.3776,0.0000,0.0000,0.0000,0.4620,0.8869,
4.8373,1.3834,0.0000,0.0000,0.0000,0.4620,0.8869,
4.8413,1.3891,0.0000,0.0000,0.0000,0.4620,0.8869,
4.8454,1.3949,0.0000,0.0000,0.0000,0.4620,0.8869,
4.8494,1.4006,0.0000,0.0000,0.0000,0.4620,0.8869,
4.8534,1.4064,0.0000,0.0000,0.0000,0.4620,0.8869,
4.8574,1.4122,0.0000,0.0000,0.0000,0.4620,0.8869,
4.8655,1.4237,0.0000,0.0000,0.0000,0.5494,0.8355,
4.8682,1.4299,0.0000,0.0000,0.0000,0.5494,0.8355,
4.8709,1.4361,0.0000,0.0000,0.0000,0.5494,0.8355,
4.8735,1.4423,0.0000,0.0000,0.0000,0.5494,0.8355,
4.8762,1.4486,0.0000,0.0000,0.0000,0.5494,0.8355,
4.8789,1.4548,0.0000,0.0000,0.0000,0.5494,0.8355,
4.8816,1.4610,0.0000,0.0000,0.0000,0.5494,0.8355,
4.8843,1.4672,0.0000,0.0000,0.0000,0.5494,0.8355,
4.8870,1.4734,0.0000,0.0000,0.0000,0.5494,0.8355,
4.8896,1.4797,0.0000,0.0000,0.0000,0.5494,0.8355,
4.8923,1.4859,0.0000,0.0000,0.0000,0.5494,0.8355,
4.8950,1.4921,0.0000,0.0000,0.0000,0.5494,0.8355,
4.8977,1.4983,0.0000,0.0000,0.0000,0.5494,0.8355,
4.9004,1.5045,0.0000,0.0000,0.0000,0.5494,0.8355,
4.9058,1.5170,0.0000,0.0000,0.0000,0.5932,0.8051,
4.9078,1.5234,0.0000,0.0000,0.0000,0.5932,0.8051,
4.9098,1.5299,0.0000,0.0000,0.0000,0.5932,0.8051,
4.9118,1.5363,0.0000,0.0000,0.0000,0.5932,0.8051,
4.9138,1.5428,0.0000,0.0000,0.0000,0.5932,0.8051,
4.9158,1.5492,0.0000,0.0000,0.0000,0.5932,0.8051,
4.9178,1.5557,0.0000,0.0000,0.0000,0.5932,0.8051,
4.9198,1.5621,0.0000,0.0000,0.0000,0.5932,0.8051,
4.9218,1.5686,0.0000,0.0000,0.0000,0.5932,0.8051,
4.9238,1.5750,0.0000,0.0000,0.0000,0.5932,0.8051,
4.9258,1.5814,0.0000,0.0000,0.0000,0.5932,0.8051,
4.9278,1.5879,0.0000,0.0000,0.0000,0.5932,0.8051,
4.9298,1.5943,0.0000,0.0000,0.0000,0.5932,0.8051,
4.9318,1.6008,0.0000,0.0000,0.0000,0.5932,0.8051,
4.9338,1.6072,0.0000,0.0000,0.0000,0.5932,0.8051,
4.9358,1.6137,0.0000,0.0000,0.0000,0.5932,0.8051,
4.9378,1.6201,0.0000,0.0000,0.0000,0.5932,0.8051,
4.9398,1.6266,0.0000,0.0000,0.0000,0.5932,0.8051,
4.9418,1.6330,0.0000,0.0000,0.0000,0.5932,0.8051,
4.9438,1.6395,0.0000,0.0000,0.0000,0.5932,0.8051,
4.9458,1.6459,0.0000,0.0000,0.0000,0.5932,0.8051,
4.9498,1.6588,0.0000,0.0000,0.0000,0.6755,0.7374,
4.9504,1.6657,0.0000,0.0000,0.0000,0.6755,0.7374,
4.9510,1.6726,0.0000,0.0000,0.0000,0.6755,0.7374,
4.9516,1.6795,0.0000,0.0000,0.0000,0.6755,0.7374,
4.9522,1.6864,0.0000,0.0000,0.0000,0.6755,0.7374,
4.9528,1.6932,0.0000,0.0000,0.0000,0.6755,0.7374,
4.9534,1.7001,0.0000,0.0000,0.0000,0.6755,0.7374,
4.9540,1.7070,0.0000,0.0000,0.0000,0.6755,0.7374,
4.9546,1.7139,0.0000,0.0000,0.0000,0.6755,0.7374,
4.9552,1.7208,0.0000,0.0000,0.0000,0.6755,0.7374,
4.9558,1.7276,0.0000,0.0000,0.0000,0.6755,0.7374,
4.9564,1.7345,0.0000,0.0000,0.0000,0.6755,0.7374,
4.9570,1.7414,0.0000,0.0000,0.0000,0.6755,0.7374,
4.9576,1.7483,0.0000,0.0000,0.0000,0.6755,0.7374,
4.9582,1.7552,0.0000,0.0000,0.0000,0.6755,0.7374,
4.9588,1.7621,0.0000,0.0000,0.0000,0.6755,0.7374,
4.9594,1.7689,0.0000,0.0000,0.0000,0.6755,0.7374,
4.9600,1.7758,0.0000,0.0000,0.0000,0.6755,0.7374,
4.9606,1.7827,0.0000,0.0000,0.0000,0.6755,0.7374,
4.9612,1.7896,0.0000,0.0000,0.0000,0.6755,0.7374,
4.9618,1.7965,0.0000,0.0000,0.0000,0.6755,0.7374,
4.9625,1.8034,0.0000,0.0000,0.0000,0.6755,0.7374,
4.9631,1.8102,0.0000,0.0000,0.0000,0.6755,0.7374,
4.9637,1.8171,0.0000,0.0000,0.0000,0.6755,0.7374,
4.9643,1.8240,0.0000,0.0000,0.0000,0.6755,0.7374,
4.9649,1.8309,0.0000,0.0000,0.0000,0.6755,0.7374,
4.9661,1.8446,0.0000,0.0000,0.0000,0.7075,0.7067,
4.9661,1.8513,0.0000,0.0000,0.0000,0.7075,0.7067,
4.9661,1.8580,0.0000,0.0000,0.0000,0.7075,0.7067,
4.9661,1.8646,0.0000,0.0000,0.0000,0.7075,0.7067,
4.9661,1.8713,0.0000,0.0000,0.0000,0.7075,0.7067,
4.9660,1.8780,0.0000,0.0000,0.0000,0.7075,0.7067,
4.9660,1.8846,0.0000,0.0000,0.0000,0.7075,0.7067,
4.9660,1.8913,0.0000,0.0000,0.0000,0.7075,0.7067,
4.9660,1.8980,0.0000,0.0000,0.0000,0.7075,0.7067,
4.9660,1.9046,0.0000,0.0000,0.0000,0.7075,0.7067,
4.9660,1.9113,0.0000,0.0000,0.0000,0.7075,0.7067,
4.9660,1.9180,0.0000,0.0000,0.0000,0.7075,0.7067,
4.9660,1.9247,0.0000,0.0000,0.0000,0.7075,0.7067,
4.9660,1.9313,0.0000,0.0000,0.0000,0.7075,0.7067,
4.9660,1.9380,0.0000,0.0000,0.0000,0.7075,0.7067,
4.9660,1.9447,0.0000,0.0000,0.0000,0.7075,0.7067,
4.9660,1.9513,0.0000,0.0000,0.0000,0.7075,0.7067,
4.9660,1.9580,0.0000,0.0000,0.0000,0.7075,0.7067,
4.9660,1.9647,0.0000,0.0000,0.0000,0.7075,0.7067,
4.9659,1.9713,0.0000,0.0000,0.0000,0.7075,0.7067,
4.9659,1.9780,0.0000,0.0000,0.0000,0.7075,0.7067,
4.9659,1.9847,0.0000,0.0000,0.0000,0.7075,0.7067,
4.9659,1.9913,0.0000,0.0000,0.0000,0.7075,0.7067,
4.9659,1.9980,0.0000,0.0000,0.0000,0.7075,0.7067,
4.9659,2.0047,0.0000,0.0000,0.0000,0.7075,0.7067,
4.9659,2.0113,0.0000,0.0000,0.0000,0.7075,0.7067,
4.9659,2.0180,0.0000,0.0000,0.0000,0.7075,0.7067,
4.9659,2.0247,0.0000,0.0000,0.0000,0.7075,0.7067,
4.9659,2.0313,0.0000,0.0000,0.0000,0.7075,0.7067,
4.9659,2.0380,0.0000,0.0000,0.0000,0.7075,0.7067,
4.9659,2.0447,0.0000,0.0000,0.0000,0.7075,0.7067,
4.9659,2.0513,0.0000,0.0000,0.0000,0.7075,0.7067,
4.9659,2.0580,0.0000,0.0000,0.0000,0.7075,0.7067,
4.9659,2.0647,0.0000,0.0000,0.0000,0.7075,0.7067,
4.9658,2.0713,0.0000,0.0000,0.0000,0.7075,0.7067,
4.9658,2.0780,0.0000,0.0000,0.0000,0.7075,0.7067,
4.9658,2.0847,0.0000,0.0000,0.0000,0.7075,0.7067,
4.9658,2.0913,0.0000,0.0000,0.0000,0.7075,0.7067,
4.9658,2.0980,0.0000,0.0000,0.0000,0.7075,0.7067,
4.9658,2.1047,0.0000,0.0000,0.0000,0.7075,0.7067,
4.9658,2.1113,0.0000,0.0000,0.0000,0.7075,0.7067,
4.9658,2.1180,0.0000,0.0000,0.0000,0.7075,0.7067,
4.9658,2.1247,0.0000,0.0000,0.0000,0.7075,0.7067,
4.9658,2.1313,0.0000,0.0000,0.0000,0.7075,0.7067,
4.9658,2.1380,0.0000,0.0000,0.0000,0.7075,0.7067,
4.9658,2.1447,0.0000,0.0000,0.0000,0.7075,0.7067,
4.9658,2.1513,0.0000,0.0000,0.0000,0.7075,0.7067,
4.9658,2.1580,0.0000,0.0000,0.0000,0.7075,0.7067,
4.9657,2.1647,0.0000,0.0000,0.0000,0.7075,0.7067,
4.9657,2.1713,0.0000,0.0000,0.0000,0.7075,0.7067,
4.9657,2.1780,0.0000,0.0000,0.0000,0.7075,0.7067,
4.9657,2.1847,0.0000,0.0000,0.0000,0.7075,0.7067,
4.9657,2.1913,0.0000,0.0000,0.0000,0.7075,0.7067,
4.9657,2.1980,0.0000,0.0000,0.0000,0.7075,0.7067,
4.9657,2.2047,0.0000,0.0000,0.0000,0.7075,0.7067,
4.9657,2.2113,0.0000,0.0000,0.0000,0.7075,0.7067,
4.9657,2.2180,0.0000,0.0000,0.0000,0.7075,0.7067,
4.9657,2.2247,0.0000,0.0000,0.0000,0.7075,0.7067,
4.9657,2.2313,0.0000,0.0000,0.0000,0.7075,0.7067,
4.9657,2.2380,0.0000,0.0000,0.0000,0.7075,0.7067,
4.9657,2.2447,0.0000,0.0000,0.0000,0.7075,0.7067,
4.9657,2.2513,0.0000,0.0000,0.0000,0.7075,0.7067,
4.9657,2.2580,0.0000,0.0000,0.0000,0.7075,0.7067,
4.9656,2.2647,0.0000,0.0000,0.0000,0.7075,0.7067,
4.9656,2.2713,0.0000,0.0000,0.0000,0.7075,0.7067,
4.9656,2.2780,0.0000,0.0000,0.0000,0.7075,0.7067,
4.9656,2.2847,0.0000,0.0000,0.0000,0.7075,0.7067,
4.9656,2.2913,0.0000,0.0000,0.0000,0.7075,0.7067,
4.9656,2.2980,0.0000,0.0000,0.0000,0.7075,0.7067,
4.9656,2.3047,0.0000,0.0000,0.0000,0.7075,0.7067,
4.9656,2.3113,0.0000,0.0000,0.0000,0.7075,0.7067,
4.9656,2.3180,0.0000,0.0000,0.0000,0.7075,0.7067,
4.9656,2.3247,0.0000,0.0000,0.0000,0.7075,0.7067,
4.9656,2.3313,0.0000,0.0000,0.0000,0.7075,0.7067,
4.9656,2.3380,0.0025,0.0000,0.0000,0.7075,0.7067,
4.9656,2.3447,0.0050,0.0000,0.0000,0.7075,0.7067,
4.9656,2.3513,0.0075,0.0000,0.0000,0.7075,0.7067,
4.9655,2.3580,0.0100,0.0000,0.0000,0.7075,0.7067,
4.9655,2.3647,0.0124,0.0000,0.0000,0.7075,0.7067,
4.9655,2.3713,0.0149,0.0000,0.0000,0.7075,0.7067,
4.9655,2.3780,0.0174,0.0000,0.0000,0.7075,0.7067,
4.9655,2.3847,0.0199,0.0000,0.0000,0.7075,0.7067,
4.9655,2.3913,0.0224,0.0000,0.0000,0.7075,0.7067,
4.9655,2.3980,0.0249,0.0000,0.0000,0.7075,0.7067,
4.9655,2.4047,0.0274,0.0000,0.0000,0.7075,0.7067,
4.9655,2.4113,0.0299,0.0000,0.0000,0.7075,0.7067,
4.9655,2.4180,0.0324,0.0000,0.0000,0.7075,0.7067,
4.9655,2.4247,0.0348,0.0000,0.0000,0.7075,0.7067,
4.9655,2.4313,0.0373,0.0000,0.0000,0.7075,0.7067,
4.9655,2.4380,0.0398,0.0000,0.0000,0.7075,0.7067,
4.9655,2.4447,0.0423,0.0000,0.0000,0.7075,0.7067,
4.9655,2.4513,0.0448,0.0000,0.0000,0.7075,0.7067,
4.9654,2.4580,0.0473,0.0000,0.0000,0.7075,0.7067,
4.9654,2.4647,0.0498,0.0000,0.0000,0.7075,0.7067,
4.9654,2.4714,0.0523,0.0000,0.0000,0.7075,0.7067,
4.9654,2.4780,0.0548,0.0000,0.0000,0.7075,0.7067,
4.9654,2.4847,0.0573,0.0000,0.0000,0.7075,0.7067,
4.9654,2.4914,0.0597,0.0000,0.0000,0.7075,0.7067,
4.9654,2.4980,0.0622,0.0000,0.0000,0.7075,0.7067,
4.9654,2.5047,0.0647,0.0000,0.0000,0.7075,0.7067,
4.9654,2.5114,0.0672,0.0000,0.0000,0.7075,0.7067,
4.9654,2.5180,0.0697,0.0000,0.0000,0.7075,0.7067,
4.9654,2.5247,0.0722,0.0000,0.0000,0.7075,0.7067,
4.9654,2.5314,0.0747,0.0000,0.0000,0.7075,0.7067,
4.9654,2.5380,0.0772,0.0000,0.0000,0.7075,0.7067,
4.9654,2.5447,0.0797,0.0000,0.0000,0.7075,0.7067,
4.9653,2.5514,0.0821,0.0000,0.0000,0.7075,0.7067,
4.9653,2.5580,0.0846,0.0000,0.0000,0.7075,0.7067,
4.9653,2.5647,0.0871,0.0000,0.0000,0.7075,0.7067,
4.9653,2.5714,0.0896,0.0000,0.0000,0.7075,0.7067,
4.9653,2.5780,0.0921,0.0000,0.0000,0.7075,0.7067,
4.9653,2.5847,0.0946,0.0000,0.0000,0.7075,0.7067,
4.9653,2.5914,0.0971,0.0000,0.0000,0.7075,0.7067,
4.9653,2.5980,0.0996,0.0000,0.0000,0.7075,0.7067,
4.9653,2.6047,0.1021,0.0000,0.0000,0.7075,0.7067,
4.9653,2.6114,0.1045,0.0000,0.0000,0.7075,0.7067,
4.9653,2.6180,0.1070,0.0000,0.0000,0.7075,0.7067,
4.9653,2.6247,0.1095,0.0000,0.0000,0.7075,0.7067,
4.9653,2.6314,0.1120,0.0000,0.0000,0.7075,0.7067,
4.9653,2.6380,0.1145,0.0000,0.0000,0.7075,0.7067,
4.9653,2.6447,0.1170,0.0000,0.0000,0.7075,0.7067,
4.9652,2.6514,0.1195,0.0000,0.0000,0.7075,0.7067,
4.9652,2.6580,0.1220,0.0000,0.0000,0.7075,0.7067,
4.9652,2.6647,0.1245,0.0000,0.0000,0.7075,0.7067,
4.9652,2.6714,0.1269,0.0000,0.0000,0.7075,0.7067,
4.9652,2.6780,0.1294,0.0000,0.0000,0.7075,0.7067,
4.9652,2.6847,0.1319,0.0000,0.0000,0.7075,0.7067,
4.9652,2.6914,0.1344,0.0000,0.0000,0.7075,0.7067,
4.9652,2.6980,0.1369,0.0000,0.0000,0.7075,0.7067,
4.9652,2.7047,0.1394,0.0000,0.0000,0.7075,0.7067,
4.9652,2.7114,0.1419,0.0000,0.0000,0.7075,0.7067,
4.9652,2.7180,0.1444,0.0000,0.0000,0.7075,0.7067,
4.9652,2.7247,0.1469,0.0000,0.0000,0.7075,0.7067,
4.9652,2.7314,0.1494,0.0000,0.0000,0.7075,0.7067,
4.9652,2.7380,0.1518,0.0000,0.0000,0.7075,0.7067,
4.9651,2.7447,0.1543,0.0000,0.0000,0.7075,0.7067,
4.9651,2.7514,0.1568,0.0000,0.0000,0.7075,0.7067,
4.9651,2.7580,0.1593,0.0000,0.0000,0.7075,0.7067,
4.9651,2.7647,0.1618,0.0000,0.0000,0.7075,0.7067,
4.9651,2.7714,0.1643,0.0000,0.0000,0.7075,0.7067,
4.9651,2.7780,0.1668,0.0000,0.0000,0.7075,0.7067,
4.9651,2.7847,0.1693,0.0000,0.0000,0.7075,0.7067,
4.9651,2.7914,0.1718,0.0000,0.0000,0.7075,0.7067,
4.9651,2.7980,0.1742,0.0000,0.0000,0.7075,0.7067,
4.9651,2.8047,0.1767,0.0000,0.0000,0.7075,0.7067,
4.9651,2.8114,0.1792,0.0000,0.0000,0.7075,0.7067,
4.9651,2.8180,0.1817,0.0000,0.0000,0.7075,0.7067,
4.9651,2.8247,0.1842,0.0000,0.0000,0.7075,0.7067,
4.9651,2.8314,0.1867,0.0000,0.0000,0.7075,0.7067,
4.9651,2.8380,0.1892,0.0000,0.0000,0.7075,0.7067,
4.9650,2.8447,0.1917,0.0000,0.0000,0.7075,0.7067,
4.9650,2.8514,0.1942,0.0000,0.0000,0.7075,0.7067,
4.9650,2.8580,0.1966,0.0000,0.0000,0.7075,0.7067,
4.9650,2.8647,0.1991,0.0000,0.0000,0.7075,0.7067,
4.9650,2.8714,0.2016,0.0000,0.0000,0.7075,0.7067,
4.9650,2.8780,0.2041,0.0000,0.0000,0.7075,0.7067,
4.9650,2.8847,0.2066,0.0000,0.0000,0.7075,0.7067,
4.9650,2.8914,0.2091,0.0000,0.0000,0.7075,0.7067,
4.9650,2.8980,0.2116,0.0000,0.0000,0.7075,0.7067,
4.9650,2.9047,0.2141,0.0000,0.0000,0.7075,0.7067,
4.9650,2.9114,0.2166,0.0000,0.0000,0.7075,0.7067,
4.9650,2.9180,0.2191,0.0000,0.0000,0.7075,0.7067,
4.9650,2.9247,0.2215,0.0000,0.0000,0.7075,0.7067,
4.9650,2.9314,0.2240,0.0000,0.0000,0.7075,0.7067,
4.9649,2.9380,0.2265,0.0000,0.0000,0.7075,0.7067,
4.9649,2.9447,0.2290,0.0000,0.0000,0.7075,0.7067,
4.9649,2.9514,0.2315,0.0000,0.0000,0.7075,0.7067,
4.9649,2.9580,0.2340,0.0000,0.0000,0.7075,0.7067,
4.9649,2.9647,0.2365,0.0000,0.0000,0.7075,0.7067,
4.9649,2.9714,0.2390,0.0000,0.0000,0.7075,0.7067,
4.9649,2.9780,0.2415,0.0000,0.0000,0.7075,0.7067,
4.9649,2.9847,0.2439,0.0000,0.0000,0.7075,0.7067,
4.9649,2.9914,0.2464,0.0000,0.0000,0.7075,0.7067,
4.9649,2.9980,0.2489,0.0000,0.0000,0.7075,0.7067,
4.9649,3.0047,0.2514,0.0000,0.0000,0.7075,0.7067,
4.9649,3.0114,0.2539,0.0000,0.0000,0.7075,0.7067,
4.9649,3.0181,0.2564,0.0000,0.0000,0.7075,0.7067,
4.9649,3.0247,0.2589,0.0000,0.0000,0.7075,0.7067,
4.9649,3.0314,0.2614,0.0000,0.0000,0.7075,0.7067,
4.9648,3.0381,0.2639,0.0000,0.0000,0.7075,0.7067,
4.9648,3.0447,0.2663,0.0000,0.0000,0.7075,0.7067,
4.9648,3.0514,0.2688,0.0000,0.0000,0.7075,0.7067,
4.9648,3.0581,0.2713,0.0000,0.0000,0.7075,0.7067,
4.9648,3.0647,0.2738,0.0000,0.0000,0.7075,0.7067,
4.9648,3.0714,0.2763,0.0000,0.0000,0.7075,0.7067,
4.9648,3.0781,0.2788,0.0000,0.0000,0.7075,0.7067,
4.9648,3.0847,0.2813,0.0000,0.0000,0.7075,0.7067,
4.9648,3.0914,0.2838,0.0000,0.0000,0.7075,0.7067,
4.9648,3.0981,0.2863,0.0000,0.0000,0.7075,0.7067,
4.9648,3.1047,0.2887,0.0000,0.0000,0.7075,0.7067,
4.9648,3.1114,0.2912,0.0000,0.0000,0.7075,0.7067,
4.9648,3.1181,0.2937,0.0000,0.0000,0.7075,0.7067,
4.9648,3.1247,0.2962,0.0000,0.0000,0.7075,0.7067,
4.9647,3.1314,0.2987,0.0000,0.0000,0.7075,0.7067,
4.9647,3.1381,0.3012,0.0000,0.0000,0.7075,0.7067,
4.9647,3.1447,0.3037,0.0000,0.0000,0.7075,0.7067,
4.9647,3.1514,0.3062,0.0000,0.0000,0.7075,0.7067,
4.9647,3.1581,0.3087,0.0000,0.0000,0.7075,0.7067,
4.9647,3.1647,0.3112,0.0000,0.0000,0.7075,0.7067,
4.9647,3.1714,0.3136,0.0000,0.0000,0.7075,0.7067,
4.9647,3.1781,0.3161,0.0000,0.0000,0.7075,0.7067,
4.9647,3.1847,0.3186,0.0000,0.0000,0.7075,0.7067,
4.9647,3.1914,0.3211,0.0000,0.0000,0.7075,0.7067,
4.9647,3.1981,0.3236,0.0000,0.0000,0.7075,0.7067,
4.9647,3.2047,0.3261,0.0000,0.0000,0.7075,0.7067,
4.9647,3.2114,0.3286,0.0000,0.0000,0.7075,0.7067,
4.9647,3.2181,0.3311,0.0000,0.0000,0.7075,0.7067,
4.9647,3.2247,0.3336,0.0000,0.0000,0.7075,0.7067,
4.9646,3.2314,0.3360,0.0000,0.0000,0.7075,0.7067,
4.9646,3.2381,0.3385,0.0000,0.0000,0.7075,0.7067,
4.9646,3.2447,0.3410,0.0000,0.0000,0.7075,0.7067,
4.9646,3.2514,0.3435,0.0000,0.0000,0.7075,0.7067,
4.9646,3.2581,0.3460,0.0000,0.0000,0.7075,0.7067,
4.9646,3.2647,0.3460,0.0000,0.0000,0.7075,0.7067,
4.9646,3.2714,0.3460,0.0000,0.0000,0.7075,0.7067,
4.9646,3.2781,0.3460,0.0000,0.0000,0.7075,0.7067,
4.9646,3.2847,0.3460,0.0000,0.0000,0.7075,0.7067,
4.9646,3.2914,0.3460,0.0000,0.0000,0.7075,0.7067,
4.9646,3.2981,0.3460,0.0000,0.0000,0.7075,0.7067,
4.9646,3.3047,0.3460,0.0000,0.0000,0.7075,0.7067,
4.9646,3.3114,0.3460,0.0000,0.0000,0.7075,0.7067,
4.9646,3.3181,0.3460,0.0000,0.0000,0.7075,0.7067,
4.9645,3.3247,0.3460,0.0000,0.0000,0.7075,0.7067,
4.9645,3.3314,0.3460,0.0000,0.0000,0.7075,0.7067,
4.9645,3.3381,0.3460,0.0000,0.0000,0.7075,0.7067,
4.9645,3.3447,0.3460,0.0000,0.0000,0.7075,0.7067,
4.9645,3.3514,0.3460,0.0000,0.0000,0.7075,0.7067,
4.9645,3.3581,0.3460,0.0000,0.0000,0.7075,0.7067,
4.9645,3.3647,0.3460,0.0000,0.0000,0.7075,0.7067,
4.9645,3.3714,0.3460,0.0000,0.0000,0.7075,0.7067,
4.9645,3.3781,0.3460,0.0000,0.0000,0.7075,0.7067,
4.9645,3.3847,0.3460,0.0000,0.0000,0.7075,0.7067,
4.9645,3.3914,0.3460,0.0000,0.0000,0.7075,0.7067,
4.9645,3.3981,0.3460,0.0000,0.0000,0.7075,0.7067,
4.9645,3.4047,0.3460,0.0000,0.0000,0.7075,0.7067,
4.9645,3.4114,0.3460,0.0000,0.0000,0.7075,0.7067,
4.9645,3.4181,0.3460,0.0000,0.0000,0.7075,0.7067,
4.9644,3.4247,0.3460,0.0000,0.0000,0.7075,0.7067,
4.9644,3.4314,0.3460,0.0000,0.0000,0.7075,0.7067,
4.9644,3.4381,0.3460,0.0000,0.0000,0.7075,0.7067,
4.9644,3.4447,0.3460,0.0000,0.0000,0.7075,0.7067,
4.9644,3.4514,0.3460,0.0000,0.0000,0.7075,0.7067,
4.9644,3.4581,0.3460,0.0000,0.0000,0.7075,0.7067,
4.9644,3.4647,0.3460,0.0000,0.0000,0.7075,0.7067,
4.9644,3.4781,0.3460,0.0000,0.0000,0.7831,0.6219,
4.9628,3.4848,0.3460,0.0000,0.0000,0.7831,0.6219,
4.9613,3.4914,0.3460,0.0000,0.0000,0.7831,0.6219,
4.9597,3.4981,0.3460,0.0000,0.0000,0.7831,0.6219,
4.9582,3.5048,0.3460,0.0000,0.0000,0.7831,0.6219,
4.9566,3.5115,0.3460,0.0000,0.0000,0.7831,0.6219,
4.9551,3.5181,0.3460,0.0000,0.0000,0.7831,0.6219,
4.9535,3.5248,0.3460,0.0000,0.0000,0.7831,0.6219,
4.9520,3.5315,0.3460,0.0000,0.0000,0.7831,0.6219,
4.9504,3.5382,0.3460,0.0000,0.0000,0.7831,0.6219,
4.9473,3.5515,0.3460,0.0000,0.0000,0.8537,0.5208,
4.9442,3.5576,0.3460,0.0000,0.0000,0.8537,0.5208,
4.9410,3.5638,0.3460,0.0000,0.0000,0.8537,0.5208,
4.9379,3.5699,0.3460,0.0000,0.0000,0.8537,0.5208,
4.9347,3.5760,0.3460,0.0000,0.0000,0.8537,0.5208,
4.9316,3.5821,0.3460,0.0000,0.0000,0.8537,0.5208,
4.9284,3.5882,0.3460,0.0000,0.0000,0.8537,0.5208,
4.9253,3.5943,0.3460,0.0000,0.0000,0.8537,0.5208,
4.9222,3.6004,0.3460,0.0000,0.0000,0.8537,0.5208,
4.9190,3.6065,0.3460,0.0000,0.0000,0.8537,0.5208,
4.9159,3.6126,0.3460,0.0000,0.0000,0.8537,0.5208,
4.9127,3.6187,0.3460,0.0000,0.0000,0.8537,0.5208,
4.9064,3.6310,0.3460,0.0000,0.0000,0.9208,0.3899,
4.9017,3.6358,0.3460,0.0000,0.0000,0.9208,0.3899,
4.8970,3.6407,0.3460,0.0000,0.0000,0.9208,0.3899,
4.8923,3.6455,0.3460,0.0000,0.0000,0.9208,0.3899,
4.8876,3.6504,0.3460,0.0000,0.0000,0.9208,0.3899,
4.8829,3.6552,0.3460,0.0000,0.0000,0.9208,0.3899,
4.8782,3.6601,0.3460,0.0000,0.0000,0.9208,0.3899,
4.8735,3.6649,0.3460,0.0000,0.0000,0.9208,0.3899,
4.8688,3.6698,0.3460,0.0000,0.0000,0.9208,0.3899,
4.8641,3.6746,0.3460,0.0000,0.0000,0.9208,0.3899,
4.8594,3.6795,0.3460,0.0000,0.0000,0.9208,0.3899,
4.8547,3.6844,0.3460,0.0000,0.0000,0.9208,0.3899,
4.8500,3.6892,0.3460,0.0000,0.0000,0.9208,0.3899,
4.8453,3.6941,0.3460,0.0000,0.0000,0.9208,0.3899,
4.8406,3.6989,0.3460,0.0000,0.0000,0.9208,0.3899,
4.8312,3.7086,0.3460,0.0000,0.0000,0.9499,0.3125,
4.8256,3.7128,0.3460,0.0000,0.0000,0.9499,0.3125,
4.8200,3.7169,0.3460,0.0000,0.0000,0.9499,0.3125,
4.8144,3.7210,0.3460,0.0000,0.0000,0.9499,0.3125,
4.8088,3.7251,0.3460,0.0000,0.0000,0.9499,0.3125,
4.8032,3.7293,0.3460,0.0000,0.0000,0.9499,0.3125,
4.7976,3.7334,0.3460,0.0000,0.0000,0.9499,0.3125,
4.7920,3.7375,0.3460,0.0000,0.0000,0.9499,0.3125,
4.7864,3.7417,0.3460,0.0000,0.0000,0.9499,0.3125,
4.7808,3.7458,0.3460,0.0000,0.0000,0.9499,0.3125,
4.7752,3.7499,0.3460,0.0000,0.0000,0.9499,0.3125,
4.7696,3.7541,0.3460,0.0000,0.0000,0.9499,0.3125,
4.7640,3.7582,0.3460,0.0000,0.0000,0.9499,0.3125,
4.7584,3.7623,0.3460,0.0000,0.0000,0.9499,0.3125,
4.7528,3.7665,0.3460,0.0000,0.0000,0.9499,0.3125,
4.7472,3.7706,0.3460,0.0000,0.0000,0.9499,0.3125,
4.7416,3.7747,0.3460,0.0000,0.0000,0.9499,0.3125,
4.7304,3.7830,0.3460,0.0000,0.0000,0.9751,0.2216,
4.7243,3.7859,0.3460,0.0000,0.0000,0.9751,0.2216,
4.7183,3.7888,0.3460,0.0000,0.0000,0.9751,0.2216,
4.7123,3.7917,0.3460,0.0000,0.0000,0.9751,0.2216,
4.7063,3.7946,0.3460,0.0000,0.0000,0.9751,0.2216,
4.7002,3.7974,0.3460,0.0000,0.0000,0.9751,0.2216,
4.6942,3.8003,0.3460,0.0000,0.0000,0.9751,0.2216,
4.6882,3.8032,0.3460,0.0000,0.0000,0.9751,0.2216,
4.6822,3.8061,0.3460,0.0000,0.0000,0.9751,0.2216,
4.6761,3.8090,0.3460,0.0000,0.0000,0.9751,0.2216,
4.6701,3.8119,0.3460,0.0000,0.0000,0.9751,0.2216,
4.6641,3.8148,0.3460,0.0000,0.0000,0.9751,0.2216,
4.6581,3.8176,0.3460,0.0000,0.0000,0.9751,0.2216,
4.6520,3.8205,0.3460,0.0000,0.0000,0.9751,0.2216,
4.6460,3.8234,0.3460,0.0000,0.0000,0.9751,0.2216,
4.6400,3.8263,0.3460,0.0000,0.0000,0.9751,0.2216,
4.6340,3.8292,0.3460,0.0000,0.0000,0.9751,0.2216,
4.6280,3.8321,0.3460,0.0000,0.0000,0.9751,0.2216,
4.6219,3.8350,0.3460,0.0000,0.0000,0.9751,0.2216,
4.6159,3.8379,0.3460,0.0000,0.0000,0.9751,0.2216,
4.6099,3.8407,0.3460,0.0000,0.0000,0.9751,0.2216,
4.6039,3.8436,0.3460,0.0000,0.0000,0.9751,0.2216,
4.5978,3.8465,0.3460,0.0000,0.0000,0.9751,0.2216,
4.5858,3.8523,0.3460,0.0000,0.0000,0.9993,0.0374,
4.5790,3.8528,0.3460,0.0000,0.0000,0.9993,0.0374,
4.5722,3.8533,0.3460,0.0000,0.0000,0.9993,0.0374,
4.5654,3.8538,0.3460,0.0000,0.0000,0.9993,0.0374,
4.5586,3.8543,0.3460,0.0000,0.0000,0.9993,0.0374,
4.5518,3.8548,0.3460,0.0000,0.0000,0.9993,0.0374,
4.5450,3.8553,0.3460,0.0000,0.0000,0.9993,0.0374,
4.5382,3.8558,0.3460,0.0000,0.0000,0.9993,0.0374,
4.5314,3.8564,0.3460,0.0000,0.0000,0.9993,0.0374,
4.5246,3.8569,0.3460,0.0000,0.0000,0.9993,0.0374,
4.5178,3.8574,0.3460,0.0000,0.0000,0.9993,0.0374,
4.5110,3.8579,0.3460,0.0000,0.0000,0.9993,0.0374,
4.5043,3.8584,0.3460,0.0000,0.0000,0.9993,0.0374,
4.4975,3.8589,0.3460,0.0000,0.0000,0.9993,0.0374,
4.4907,3.8594,0.3460,0.0000,0.0000,0.9993,0.0374,
4.4839,3.8599,0.3460,0.0000,0.0000,0.9993,0.0374,
4.4771,3.8604,0.3460,0.0000,0.0000,0.9993,0.0374,
4.4703,3.8609,0.3460,0.0000,0.0000,0.9993,0.0374,
4.4635,3.8614,0.3460,0.0000,0.0000,0.9993,0.0374,
4.4567,3.8620,0.3460,0.0000,0.0000,0.9993,0.0374,
4.4499,3.8625,0.3460,0.0000,0.0000,0.9993,0.0374,
4.4431,3.8630,0.3460,0.0000,0.0000,0.9993,0.0374,
4.4363,3.8635,0.3460,0.0000,0.0000,0.9993,0.0374,
4.4295,3.8640,0.3460,0.0000,0.0000,0.9993,0.0374,
4.4227,3.8645,0.3460,0.0000,0.0000,0.9993,0.0374,
4.4159,3.8650,0.3460,0.0000,0.0000,0.9993,0.0374,
4.4091,3.8655,0.3460,0.0000,0.0000,0.9993,0.0374,
4.4023,3.8660,0.3460,0.0000,0.0000,0.9993,0.0374,
4.3955,3.8665,0.3460,0.0000,0.0000,0.9993,0.0374,
4.3888,3.8670,0.3460,0.0000,0.0000,0.9993,0.0374,
4.3820,3.8675,0.3460,0.0000,0.0000,0.9993,0.0374,
4.3752,3.8681,0.3460,0.0000,0.0000,0.9993,0.0374,
4.3684,3.8686,0.3460,0.0000,0.0000,0.9993,0.0374,
4.3616,3.8691,0.3460,0.0000,0.0000,0.9993,0.0374,
4.3548,3.8696,0.3460,0.0000,0.0000,0.9993,0.0374,
4.3480,3.8701,0.3460,0.0000,0.0000,0.9993,0.0374,
4.3412,3.8706,0.3460,0.0000,0.0000,0.9993,0.0374,
4.3344,3.8711,0.3460,0.0000,0.0000,0.9993,0.0374,
4.3276,3.8716,0.3460,0.0000,0.0000,0.9993,0.0374,
4.3208,3.8721,0.3460,0.0000,0.0000,0.9993,0.0374,
4.3072,3.8731,0.3460,0.0000,0.0000,1.0000,0.0021,
4.3005,3.8732,0.3460,0.0000,0.0000,1.0000,0.0021,
4.2939,3.8732,0.3460,0.0000,0.0000,1.0000,0.0021,
4.2872,3.8732,0.3460,0.0000,0.0000,1.0000,0.0021,
4.2805,3.8733,0.3460,0.0000,0.0000,1.0000,0.0021,
4.2738,3.8733,0.3460,0.0000,0.0000,1.0000,0.0021,
4.2671,3.8733,0.3460,0.0000,0.0000,1.0000,0.0021,
4.2605,3.8733,0.3460,0.0000,0.0000,1.0000,0.0021,
4.2538,3.8734,0.3460,0.0000,0.0000,1.0000,0.0021,
4.2471,3.8734,0.3460,0.0000,0.0000,1.0000,0.0021,
4.2404,3.8734,0.3460,0.0000,0.0000,1.0000,0.0021,
4.2337,3.8735,0.3460,0.0000,0.0000,1.0000,0.0021,
4.2270,3.8735,0.3460,0.0000,0.0000,1.0000,0.0021,
4.2204,3.8735,0.3460,0.0000,0.0000,1.0000,0.0021,
4.2137,3.8735,0.3460,0.0000,0.0000,1.0000,0.0021,
4.2070,3.8736,0.3460,0.0000,0.0000,1.0000,0.0021,
4.2003,3.8736,0.3460,0.0000,0.0000,1.0000,0.0021,
4.1936,3.8736,0.3460,0.0000,0.0000,1.0000,0.0021,
4.1870,3.8737,0.3460,0.0000,0.0000,1.0000,0.0021,
4.1803,3.8737,0.3460,0.0000,0.0000,1.0000,0.0021,
4.1736,3.8737,0.3460,0.0000,0.0000,1.0000,0.0021,
4.1669,3.8737,0.3460,0.0000,0.0000,1.0000,0.0021,
4.1602,3.8738,0.3460,0.0000,0.0000,1.0000,0.0021,
4.1536,3.8738,0.3460,0.0000,0.0000,1.0000,0.0021,
4.1469,3.8738,0.3460,0.0000,0.0000,1.0000,0.0021,
4.1402,3.8739,0.3460,0.0000,0.0000,1.0000,0.0021,
4.1335,3.8739,0.3460,0.0000,0.0000,1.0000,0.0021,
4.1268,3.8739,0.3460,0.0000,0.0000,1.0000,0.0021,
4.1201,3.8739,0.3460,0.0000,0.0000,1.0000,0.0021,
4.1135,3.8740,0.3460,0.0000,0.0000,1.0000,0.0021,
4.1068,3.8740,0.3460,0.0000,0.0000,1.0000,0.0021,
4.1001,3.8740,0.3460,0.0000,0.0000,1.0000,0.0021,
4.0934,3.8741,0.3460,0.0000,0.0000,1.0000,0.0021,
4.0867,3.8741,0.3460,0.0000,0.0000,1.0000,0.0021,
4.0801,3.8741,0.3460,0.0000,0.0000,1.0000,0.0021,
4.0734,3.8741,0.3460,0.0000,0.0000,1.0000,0.0021,
4.0667,3.8742,0.3460,0.0000,0.0000,1.0000,0.0021,
4.0600,3.8742,0.3460,0.0000,0.0000,1.0000,0.0021,
4.0533,3.8742,0.3460,0.0000,0.0000,1.0000,0.0021,
4.0467,3.8743,0.3460,0.0000,0.0000,1.0000,0.0021,
4.0400,3.8743,0.3460,0.0000,0.0000,1.0000,0.0021,
4.0333,3.8743,0.3460,0.0000,0.0000,1.0000,0.0021,
4.0266,3.8743,0.3460,0.0000,0.0000,1.0000,0.0021,
4.0199,3.8744,0.3460,0.0000,0.0000,1.0000,0.0021,
4.0132,3.8744,0.3460,0.0000,0.0000,1.0000,0.0021,
4.0066,3.8744,0.3460,0.0000,0.0000,1.0000,0.0021,
3.9999,3.8745,0.3460,0.0000,0.0000,1.0000,0.0021,
3.9932,3.8745,0.3460,0.0000,0.0000,1.0000,0.0021,
3.9865,3.8745,0.3460,0.0000,0.0000,1.0000,0.0021,
3.9798,3.8745,0.3460,0.0000,0.0000,1.0000,0.0021,
3.9732,3.8746,0.3460,0.0000,0.0000,1.0000,0.0021,
3.9665,3.8746,0.3460,0.0000,0.0000,1.0000,0.0021,
3.9598,3.8746,0.3460,0.0000,0.0000,1.0000,0.0021,
3.9531,3.8747,0.3460,0.0000,0.0000,1.0000,0.0021,
3.9464,3.8747,0.3460,0.0000,0.0000,1.0000,0.0021,
3.9397,3.8747,0.3460,0.0000,0.0000,1.0000,0.0021,
3.9331,3.8747,0.3460,0.0000,0.0000,1.0000,0.0021,
3.9264,3.8748,0.3460,0.0000,0.0000,1.0000,0.0021,
3.9197,3.8748,0.3460,0.0000,0.0000,1.0000,0.0021,
3.9130,3.8748,0.3460,0.0000,0.0000,1.0000,0.0021,
3.9063,3.8749,0.3460,0.0000,0.0000,1.0000,0.0021,
3.8997,3.8749,0.3460,0.0000,0.0000,1.0000,0.0021,
3.8930,3.8749,0.3460,0.0000,0.0000,1.0000,0.0021,
3.8863,3.8749,0.3460,0.0000,0.0000,1.0000,0.0021,
3.8796,3.8750,0.3460,0.0000,0.0000,1.0000,0.0021,
3.8729,3.8750,0.3460,0.0000,0.0000,1.0000,0.0021,
3.8663,3.8750,0.3460,0.0000,0.0000,1.0000,0.0021,
3.8596,3.8751,0.3460,0.0000,0.0000,1.0000,0.0021,
3.8529,3.8751,0.3460,0.0000,0.0000,1.0000,0.0021,
3.8462,3.8751,0.3460,0.0000,0.0000,1.0000,0.0021,
3.8395,3.8751,0.3460,0.0000,0.0000,1.0000,0.0021,
3.8328,3.8752,0.3460,0.0000,0.0000,1.0000,0.0021,
3.8262,3.8752,0.3460,0.0000,0.0000,1.0000,0.0021,
3.8195,3.8752,0.3460,0.0000,0.0000,1.0000,0.0021,
3.8128,3.8753,0.3460,0.0000,0.0000,1.0000,0.0021,
3.8061,3.8753,0.3460,0.0000,0.0000,1.0000,0.0021,
3.7994,3.8753,0.3460,0.0000,0.0000,1.0000,0.0021,
3.7928,3.8753,0.3460,0.0000,0.0000,1.0000,0.0021,
