1.3406,2.0089,0.0000,0.0000,0.0000,-0.7071,0.7071,
1.3406,2.0022,0.0000,0.0000,0.0000,-0.7071,0.7071,
1.3406,1.9954,0.0000,0.0000,0.0000,-0.7124,0.7018,
1.3405,1.9887,0.0000,0.0000,0.0000,-0.7071,0.7071,
1.3405,1.9819,0.0000,0.0000,0.0000,-0.7071,0.7071,
1.3405,1.9752,0.0000,0.0000,0.0000,-0.7123,0.7019,
1.3404,1.9684,0.0000,0.0000,0.0000,-0.7071,0.7071,
1.3404,1.9616,0.0000,0.0000,0.0000,-0.7071,0.7071,
1.3404,1.9549,0.0000,0.0000,0.0000,-0.7123,0.7019,
1.3403,1.9481,0.0000,0.0000,0.0000,-0.7071,0.7071,
1.3403,1.9414,0.0000,0.0000,0.0000,-0.7071,0.7071,
1.3403,1.9346,0.0000,0.0000,0.0000,-0.7124,0.7018,
1.3402,1.9279,0.0000,0.0000,0.0000,-0.7071,0.7071,
1.3402,1.9211,0.0000,0.0000,0.0000,-0.7071,0.7071,
1.3402,1.9144,0.0000,0.0000,0.0000,-0.7123,0.7019,
1.3401,1.9076,0.0000,0.0000,0.0000,-0.7071,0.7071,
1.3401,1.9008,0.0000,0.0000,0.0000,-0.7071,0.7071,
1.3401,1.8941,0.0000,0.0000,0.0000,-0.7123,0.7019,
1.3400,1.8873,0.0000,0.0000,0.0000,-0.7071,0.7071,
1.3400,1.8806,0.0000,0.0000,0.0000,-0.7071,0.7071,
1.3400,1.8738,0.0000,0.0000,0.0000,-0.7124,0.7018,
1.3399,1.8671,0.0000,0.0000,0.0000,-0.7071,0.7071,
1.3399,1.8603,0.0000,0.0000,0.0000,-0.7071,0.7071,
1.3399,1.8535,0.0000,0.0000,0.0000,-0.7124,0.7018,
1.3398,1.8468,0.0000,0.0000,0.0000,-0.7071,0.7071,
1.3398,1.8400,0.0000,0.0000,0.0000,-0.7071,0.7071,
1.3398,1.8333,0.0000,0.0000,0.0000,-0.7123,0.7019,
1.3397,1.8265,0.0000,0.0000,0.0000,-0.7071,0.7071,
1.3397,1.8198,0.0000,0.0000,0.0000,-0.7071,0.7071,
1.3397,1.8130,0.0000,0.0000,0.0000,-0.7123,0.7019,
1.3396,1.8062,0.0000,0.0000,0.0000,-0.7071,0.7071,
1.3396,1.7995,0.0000,0.0000,0.0000,-0.7071,0.7071,
1.3396,1.7927,0.0000,0.0000,0.0000,-0.7124,0.7018,
1.3395,1.7860,0.0000,0.0000,0.0000,-0.7071,0.7071,
1.3395,1.7792,0.0000,0.0000,0.0000,-0.7071,0.7071,
1.3395,1.7725,0.0000,0.0000,0.0000,-0.7123,0.7019,
1.3394,1.7657,0.0000,0.0000,0.0000,-0.7071,0.7071,
1.3394,1.7590,0.0000,0.0000,0.0000,-0.7071,0.7071,
1.3394,1.7522,0.0000,0.0000,0.0000,-0.7123,0.7019,
1.3393,1.7454,0.0000,0.0000,0.0000,-0.7071,0.7071,
1.3393,1.7387,0.0000,0.0000,0.0000,-0.7071,0.7071,
1.3393,1.7319,0.0000,0.0000,0.0000,-0.7124,0.7018,
1.3392,1.7252,0.0000,0.0000,0.0000,-0.7071,0.7071,
1.3392,1.7184,0.0000,0.0000,0.0000,-0.7071,0.7071,
1.3392,1.7117,0.0000,0.0000,0.0000,-0.7123,0.7019,
1.3391,1.7049,0.0000,0.0000,0.0000,-0.7071,0.7071,
1.3391,1.6981,0.0000,0.0000,0.0000,-0.7071,0.7071,
1.3391,1.6914,0.0000,0.0000,0.0000,-0.7123,0.7019,
1.3390,1.6846,0.0000,0.0000,0.0000,-0.7071,0.7071,
1.3390,1.6779,0.0000,0.0000,0.0000,-0.7071,0.7071,
1.3390,1.6711,0.0000,0.0000,0.0000,-0.7124,0.7018,
1.3389,1.6644,0.0000,0.0000,0.0000,-0.7071,0.7071,
1.3389,1.6576,0.0000,0.0000,0.0000,-0.7071,0.7071,
1.3389,1.6509,0.0000,0.0000,0.0000,-0.7123,0.7019,
1.3388,1.6441,0.0000,0.0000,0.0000,-0.7071,0.7071,
1.3388,1.6373,0.0000,0.0000,0.0000,-0.7071,0.7071,
1.3388,1.6306,0.0000,0.0000,0.0000,-0.7123,0.7019,
1.3387,1.6238,0.0000,0.0000,0.0000,-0.7071,0.7071,
1.3387,1.6171,0.0000,0.0000,0.0000,-0.7071,0.7071,
1.3387,1.6103,0.0000,0.0000,0.0000,-0.7124,0.7018,
1.3386,1.6036,0.0000,0.0000,0.0000,-0.7071,0.7071,
1.3386,1.5968,0.0000,0.0000,0.0000,-0.7071,0.7071,
1.3386,1.5900,0.0000,0.0000,0.0000,-0.7124,0.7018,
1.3385,1.5833,0.0000,0.0000,0.0000,-0.7071,0.7071,
1.3385,1.5765,0.0000,0.0000,0.0000,-0.7097,0.7045,
1.3384,1.5630,0.0000,0.0000,0.0000,-0.6694,0.7429,
1.3391,1.5563,0.0000,0.0000,0.0000,-0.6699,0.7424,
1.3398,1.5495,0.0000,0.0000,0.0000,-0.6694,0.7429,
1.3405,1.5428,0.0000,0.0000,0.0000,-0.6694,0.7429,
1.3412,1.5361,0.0000,0.0000,0.0000,-0.6699,0.7424,
1.3419,1.5293,0.0000,0.0000,0.0000,-0.6639,0.7479,
1.3427,1.5226,0.0000,0.0000,0.0000,-0.6699,0.7424,
1.3434,1.5158,0.0000,0.0000,0.0000,-0.6694,0.7429,
1.3441,1.5091,0.0000,0.0000,0.0000,-0.6696,0.7427,
1.3455,1.4956,0.0000,0.0000,0.0000,-0.5941,0.8044,
1.3475,1.4891,0.0000,0.0000,0.0000,-0.5903,0.8072,
1.3496,1.4825,0.0000,0.0000,0.0000,-0.5958,0.8031,
1.3516,1.4759,0.0000,0.0000,0.0000,-0.5903,0.8072,
1.3537,1.4693,0.0000,0.0000,0.0000,-0.5903,0.8072,
1.3558,1.4627,0.0000,0.0000,0.0000,-0.5941,0.8044,
1.3578,1.4562,0.0000,0.0000,0.0000,-0.5903,0.8072,
1.3599,1.4496,0.0000,0.0000,0.0000,-0.5958,0.8031,
1.3619,1.4430,0.0000,0.0000,0.0000,-0.5903,0.8072,
1.3640,1.4364,0.0000,0.0000,0.0000,-0.5885,0.8085,
1.3661,1.4299,0.0000,0.0000,0.0000,-0.5930,0.8052,
1.3702,1.4167,0.0000,0.0000,0.0000,-0.4701,0.8826,
1.3741,1.4109,0.0000,0.0000,0.0000,-0.4701,0.8826,
1.3780,1.4051,0.0000,0.0000,0.0000,-0.4736,0.8807,
1.3819,1.3992,0.0000,0.0000,0.0000,-0.4701,0.8826,
1.3858,1.3934,0.0000,0.0000,0.0000,-0.4701,0.8826,
1.3897,1.3876,0.0000,0.0000,0.0000,-0.4684,0.8835,
1.3937,1.3817,0.0000,0.0000,0.0000,-0.4701,0.8826,
1.3976,1.3759,0.0000,0.0000,0.0000,-0.4701,0.8826,
1.4015,1.3701,0.0000,0.0000,0.0000,-0.4701,0.8826,
1.4054,1.3643,0.0000,0.0000,0.0000,-0.4736,0.8807,
1.4093,1.3584,0.0000,0.0000,0.0000,-0.4701,0.8826,
1.4132,1.3526,0.0000,0.0000,0.0000,-0.4719,0.8817,
1.4210,1.3409,0.0000,0.0000,0.0000,-0.3233,0.9463,
1.4263,1.3368,0.0000,0.0000,0.0000,-0.3233,0.9463,
1.4316,1.3327,0.0000,0.0000,0.0000,-0.3288,0.9444,
1.4369,1.3285,0.0000,0.0000,0.0000,-0.3233,0.9463,
1.4422,1.3244,0.0000,0.0000,0.0000,-0.3288,0.9444,
1.4475,1.3202,0.0000,0.0000,0.0000,-0.3233,0.9463,
1.4528,1.3161,0.0000,0.0000,0.0000,-0.3233,0.9463,
1.4581,1.3120,0.0000,0.0000,0.0000,-0.3288,0.9444,
1.4634,1.3078,0.0000,0.0000,0.0000,-0.3233,0.9463,
1.4687,1.3037,0.0000,0.0000,0.0000,-0.3233,0.9463,
1.4740,1.2996,0.0000,0.0000,0.0000,-0.3288,0.9444,
1.4793,1.2954,0.0000,0.0000,0.0000,-0.3261,0.9453,
1.4899,1.2871,0.0000,0.0000,0.0000,-0.1956,0.9807,
1.4964,1.2844,0.0000,0.0000,0.0000,-0.1929,0.9812,
1.5030,1.2817,0.0000,0.0000,0.0000,-0.2020,0.9794,
1.5095,1.2789,0.0000,0.0000,0.0000,-0.1956,0.9807,
1.5160,1.2762,0.0000,0.0000,0.0000,-0.1993,0.9799,
1.5226,1.2734,0.0000,0.0000,0.0000,-0.1956,0.9807,
1.5291,1.2707,0.0000,0.0000,0.0000,-0.2020,0.9794,
1.5356,1.2679,0.0000,0.0000,0.0000,-0.1956,0.9807,
1.5421,1.2652,0.0000,0.0000,0.0000,-0.1929,0.9812,
1.5487,1.2625,0.0000,0.0000,0.0000,-0.2020,0.9794,
1.5552,1.2597,0.0000,0.0000,0.0000,-0.1956,0.9807,
1.5617,1.2570,0.0000,0.0000,0.0000,-0.1993,0.9799,
1.5683,1.2542,0.0000,0.0000,0.0000,-0.1988,0.9800,
1.5813,1.2487,0.0000,0.0000,0.0000,-0.1169,0.9931,
1.5880,1.2471,0.0000,0.0000,0.0000,-0.1169,0.9931,
1.5947,1.2455,0.0000,0.0000,0.0000,-0.1239,0.9923,
1.6014,1.2438,0.0000,0.0000,0.0000,-0.1186,0.9929,
1.6080,1.2422,0.0000,0.0000,0.0000,-0.1239,0.9923,
1.6147,1.2405,0.0000,0.0000,0.0000,-0.1169,0.9931,
1.6214,1.2389,0.0000,0.0000,0.0000,-0.1186,0.9929,
1.6280,1.2373,0.0000,0.0000,0.0000,-0.1239,0.9923,
1.6347,1.2356,0.0000,0.0000,0.0000,-0.1169,0.9931,
1.6414,1.2340,0.0000,0.0000,0.0000,-0.1239,0.9923,
1.6481,1.2323,0.0000,0.0000,0.0000,-0.1186,0.9929,
1.6547,1.2307,0.0000,0.0000,0.0000,-0.1169,0.9931,
1.6614,1.2291,0.0000,0.0000,0.0000,-0.1239,0.9923,
1.6681,1.2274,0.0000,0.0000,0.0000,-0.1186,0.9929,
1.6747,1.2258,0.0000,0.0000,0.0000,-0.1239,0.9923,
1.6814,1.2241,0.0000,0.0000,0.0000,-0.1169,0.9931,
1.6881,1.2225,0.0000,0.0000,0.0000,-0.1213,0.9926,
1.7014,1.2192,0.0000,0.0000,0.0000,-0.0075,1.0000,
1.7081,1.2191,0.0000,0.0000,0.0000,-0.0075,1.0000,
1.7148,1.2190,0.0000,0.0000,0.0000,-0.0075,1.0000,
1.7215,1.2189,0.0000,0.0000,0.0000,-0.0075,1.0000,
1.7282,1.2188,0.0000,0.0000,0.0000,-0.0075,1.0000,
1.7349,1.2187,0.0000,0.0000,0.0000,-0.0074,1.0000,
1.7417,1.2186,0.0000,0.0000,0.0000,-0.0075,1.0000,
1.7484,1.2185,0.0000,0.0000,0.0000,-0.0075,1.0000,
1.7551,1.2184,0.0000,0.0000,0.0000,-0.0075,1.0000,
1.7618,1.2183,0.0000,0.0000,0.0000,-0.0075,1.0000,
1.7685,1.2182,0.0000,0.0000,0.0000,-0.0075,1.0000,
1.7752,1.2181,0.0000,0.0000,0.0000,-0.0075,1.0000,
1.7819,1.2180,0.0000,0.0000,0.0000,-0.0075,1.0000,
1.7886,1.2179,0.0000,0.0000,0.0000,-0.0075,1.0000,
1.7953,1.2178,0.0000,0.0000,0.0000,-0.0075,1.0000,
1.8020,1.2177,0.0000,0.0000,0.0000,-0.0149,0.9999,
1.8087,1.2175,0.0000,0.0000,0.0000,-0.0075,1.0000,
1.8154,1.2174,0.0000,0.0000,0.0000,-0.0075,1.0000,
1.8221,1.2173,0.0000,0.0000,0.0000,-0.0075,1.0000,
1.8288,1.2172,0.0000,0.0000,0.0000,-0.0075,1.0000,
1.8355,1.2171,0.0000,0.0000,0.0000,-0.0075,1.0000,
1.8422,1.2170,0.0000,0.0000,0.0000,-0.0075,1.0000,
1.8489,1.2169,0.0000,0.0000,0.0000,-0.0075,1.0000,
1.8556,1.2168,0.0000,0.0000,0.0000,-0.0075,1.0000,
1.8623,1.2167,0.0000,0.0000,0.0000,-0.0075,1.0000,
1.8690,1.2166,0.0000,0.0000,0.0000,-0.0075,1.0000,
1.8757,1.2165,0.0000,0.0000,0.0000,-0.0075,1.0000,
1.8824,1.2164,0.0000,0.0000,0.0000,-0.0075,1.0000,
1.8891,1.2163,0.0000,0.0000,0.0000,-0.0075,1.0000,
1.8958,1.2162,0.0000,0.0000,0.0000,-0.0074,1.0000,
1.9026,1.2161,0.0000,0.0000,0.0000,-0.0075,1.0000,
1.9093,1.2160,0.0000,0.0000,0.0000,-0.0075,1.0000,
1.9160,1.2159,0.0000,0.0000,0.0000,-0.0075,1.0000,
1.9227,1.2158,0.0000,0.0000,0.0000,-0.0075,1.0000,
1.9294,1.2157,0.0000,0.0000,0.0000,-0.0149,0.9999,
1.9361,1.2155,0.0000,0.0000,0.0000,-0.0075,1.0000,
1.9428,1.2154,0.0000,0.0000,0.0000,-0.0075,1.0000,
1.9495,1.2153,0.0000,0.0000,0.0000,-0.0075,1.0000,
1.9562,1.2152,0.0000,0.0000,0.0000,-0.0075,1.0000,
1.9629,1.2151,0.0000,0.0000,0.0000,-0.0075,1.0000,
1.9696,1.2150,0.0000,0.0000,0.0000,-0.0075,1.0000,
1.9763,1.2149,0.0000,0.0000,0.0000,-0.0075,1.0000,
1.9830,1.2148,0.0000,0.0000,0.0000,-0.0075,1.0000,
1.9897,1.2147,0.0000,0.0000,0.0000,-0.0075,1.0000,
1.9964,1.2146,0.0000,0.0000,0.0000,-0.0075,1.0000,
2.0031,1.2145,0.0000,0.0000,0.0000,-0.0075,1.0000,
2.0098,1.2144,0.0000,0.0000,0.0000,-0.0075,1.0000,
2.0165,1.2143,0.0000,0.0000,0.0000,-0.0075,1.0000,
2.0232,1.2142,0.0000,0.0000,0.0000,-0.0075,1.0000,
2.0299,1.2141,0.0000,0.0000,0.0000,-0.0075,1.0000,
2.0366,1.2140,0.0000,0.0000,0.0000,-0.0075,1.0000,
2.0433,1.2139,0.0000,0.0000,0.0000,-0.0075,1.0000,
2.0500,1.2138,0.0000,0.0000,0.0000,-0.0075,1.0000,
2.0567,1.2137,0.0000,0.0000,0.0000,-0.0074,1.0000,
2.0635,1.2136,0.0000,0.0000,0.0000,-0.0149,0.9999,
2.0702,1.2134,0.0000,0.0000,0.0000,-0.0075,1.0000,
2.0769,1.2133,0.0000,0.0000,0.0000,-0.0075,1.0000,
2.0836,1.2132,0.0000,0.0000,0.0000,-0.0075,1.0000,
2.0903,1.2131,0.0000,0.0000,0.0000,-0.0075,1.0000,
2.0970,1.2130,0.0000,0.0000,0.0000,-0.0075,1.0000,
2.1037,1.2129,0.0000,0.0000,0.0000,-0.0075,1.0000,
2.1104,1.2128,0.0000,0.0000,0.0000,-0.0075,1.0000,
2.1171,1.2127,0.0000,0.0000,0.0000,-0.0075,1.0000,
2.1238,1.2126,0.0000,0.0000,0.0000,-0.0075,1.0000,
2.1305,1.2125,0.0000,0.0000,0.0000,-0.0075,1.0000,
2.1372,1.2124,0.0000,0.0000,0.0000,-0.0075,1.0000,
2.1439,1.2123,0.0000,0.0000,0.0000,-0.0075,1.0000,
2.1506,1.2122,0.0000,0.0000,0.0000,-0.0075,1.0000,
2.1573,1.2121,0.0000,0.0000,0.0000,-0.0075,1.0000,
2.1640,1.2120,0.0000,0.0000,0.0000,-0.0075,1.0000,
2.1707,1.2119,0.0000,0.0000,0.0000,-0.0075,1.0000,
2.1774,1.2118,0.0000,0.0000,0.0000,-0.0075,1.0000,
2.1841,1.2117,0.0000,0.0000,0.0000,-0.0075,1.0000,
2.1908,1.2116,0.0000,0.0000,0.0000,-0.0075,1.0000,
2.1975,1.2115,0.0000,0.0000,0.0000,-0.0149,0.9999,
2.2042,1.2113,0.0000,0.0000,0.0000,-0.0075,1.0000,
2.2109,1.2112,0.0000,0.0000,0.0000,-0.0075,1.0000,
2.2176,1.2111,0.0000,0.0000,0.0000,-0.0075,1.0000,
2.2243,1.2110,0.0000,0.0000,0.0000,-0.0074,1.0000,
2.2311,1.2109,0.0000,0.0000,0.0000,-0.0075,1.0000,
2.2378,1.2108,0.0000,0.0000,0.0000,-0.0075,1.0000,
2.2445,1.2107,0.0000,0.0000,0.0000,-0.0075,1.0000,
2.2512,1.2106,0.0000,0.0000,0.0000,-0.0075,1.0000,
2.2579,1.2105,0.0000,0.0000,0.0000,-0.0075,1.0000,
2.2646,1.2104,0.0000,0.0000,0.0000,-0.0075,1.0000,
2.2713,1.2103,0.0000,0.0000,0.0000,-0.0075,1.0000,
2.2780,1.2102,0.0000,0.0000,0.0000,-0.0075,1.0000,
2.2847,1.2101,0.0000,0.0000,0.0000,-0.0075,1.0000,
2.2914,1.2100,0.0000,0.0000,0.0000,-0.0075,1.0000,
2.2981,1.2099,0.0000,0.0000,0.0000,-0.0075,1.0000,
2.3048,1.2098,0.0000,0.0000,0.0000,-0.0075,1.0000,
2.3115,1.2097,0.0000,0.0000,0.0000,-0.0075,1.0000,
2.3182,1.2096,0.0000,0.0000,0.0000,-0.0075,1.0000,
2.3249,1.2095,0.0000,0.0000,0.0000,-0.0075,1.0000,
2.3316,1.2094,0.0000,0.0000,0.0000,-0.0149,0.9999,
2.3383,1.2092,0.0000,0.0000,0.0000,-0.0075,1.0000,
2.3450,1.2091,0.0000,0.0000,0.0000,-0.0075,1.0000,
2.3517,1.2090,0.0000,0.0000,0.0000,-0.0075,1.0000,
2.3584,1.2089,0.0000,0.0000,0.0000,-0.0075,1.0000,
2.3651,1.2088,0.0000,0.0000,0.0000,-0.0075,1.0000,
2.3718,1.2087,0.0000,0.0000,0.0000,-0.0075,1.0000,
2.3785,1.2086,0.0000,0.0000,0.0000,-0.0075,1.0000,
2.3852,1.2085,0.0000,0.0000,0.0000,-0.0074,1.0000,
2.3920,1.2084,0.0000,0.0000,0.0000,-0.0075,1.0000,
