4.9412,1.9837,0.0000,0.0000,0.0000,-0.0072,1.0000,
4.9481,1.9836,0.0000,0.0000,0.0000,-0.0071,1.0000,
4.9551,1.9835,0.0000,0.0000,0.0000,0.0000,1.0000,
4.9620,1.9835,0.0000,0.0000,0.0000,-0.0072,1.0000,
4.9689,1.9834,0.0000,0.0000,0.0000,-0.0072,1.0000,
4.9758,1.9833,0.0000,0.0000,0.0000,-0.0071,1.0000,
4.9828,1.9832,0.0000,0.0000,0.0000,-0.0072,1.0000,
4.9897,1.9831,0.0000,0.0000,0.0000,0.0000,1.0000,
4.9966,1.9831,0.0000,0.0000,0.0000,-0.0072,1.0000,
5.0035,1.9830,0.0000,0.0000,0.0000,-0.0071,1.0000,
5.0105,1.9829,0.0000,0.0000,0.0000,-0.0072,1.0000,
5.0174,1.9828,0.0000,0.0000,0.0000,-0.0072,1.0000,
5.0243,1.9827,0.0000,0.0000,0.0000,0.0000,1.0000,
5.0313,1.9827,0.0000,0.0000,0.0000,-0.0072,1.0000,
5.0382,1.9826,0.0000,0.0000,0.0000,-0.0072,1.0000,
5.0451,1.9825,0.0000,0.0000,0.0000,-0.0072,1.0000,
5.0520,1.9824,0.0000,0.0000,0.0000,-0.0071,1.0000,
5.0590,1.9823,0.0000,0.0000,0.0000,0.0000,1.0000,
5.0659,1.9823,0.0000,0.0000,0.0000,-0.0072,1.0000,
5.0728,1.9822,0.0000,0.0000,0.0000,-0.0072,1.0000,
5.0797,1.9821,0.0000,0.0000,0.0000,-0.0071,1.0000,
5.0867,1.9820,0.0000,0.0000,0.0000,-0.0072,1.0000,
5.0936,1.9819,0.0000,0.0000,0.0000,0.0000,1.0000,
5.1005,1.9819,0.0000,0.0000,0.0000,-0.0072,1.0000,
5.1144,1.9817,0.0000,0.0000,0.0000,-0.1534,0.9882,
5.1210,1.9796,0.0000,0.0000,0.0000,-0.1513,0.9885,
5.1277,1.9775,0.0000,0.0000,0.0000,-0.1513,0.9885,
5.1344,1.9754,0.0000,0.0000,0.0000,-0.1534,0.9882,
5.1410,1.9733,0.0000,0.0000,0.0000,-0.1513,0.9885,
5.1477,1.9712,0.0000,0.0000,0.0000,-0.1534,0.9882,
5.1543,1.9691,0.0000,0.0000,0.0000,-0.1513,0.9885,
5.1610,1.9670,0.0000,0.0000,0.0000,-0.1513,0.9885,
5.1677,1.9649,0.0000,0.0000,0.0000,-0.1534,0.9882,
5.1743,1.9628,0.0000,0.0000,0.0000,-0.1523,0.9883,
5.1876,1.9586,0.0000,0.0000,0.0000,-0.3404,0.9403,
5.1930,1.9541,0.0000,0.0000,0.0000,-0.3404,0.9403,
5.1984,1.9496,0.0000,0.0000,0.0000,-0.3404,0.9403,
5.2038,1.9451,0.0000,0.0000,0.0000,-0.3404,0.9403,
5.2092,1.9406,0.0000,0.0000,0.0000,-0.3404,0.9403,
5.2146,1.9361,0.0000,0.0000,0.0000,-0.3404,0.9403,
5.2200,1.9316,0.0000,0.0000,0.0000,-0.3404,0.9403,
5.2254,1.9271,0.0000,0.0000,0.0000,-0.3404,0.9403,
5.2308,1.9226,0.0000,0.0000,0.0000,-0.3404,0.9403,
5.2362,1.9181,0.0000,0.0000,0.0000,-0.3404,0.9403,
5.2416,1.9136,0.0000,0.0000,0.0000,-0.3404,0.9403,
5.2470,1.9091,0.0000,0.0000,0.0000,-0.3404,0.9403,
5.2578,1.9001,0.0000,0.0000,0.0000,-0.4629,0.8864,
5.2617,1.8945,0.0000,0.0000,0.0000,-0.4591,0.8884,
5.2656,1.8890,0.0000,0.0000,0.0000,-0.4629,0.8864,
5.2695,1.8834,0.0000,0.0000,0.0000,-0.4591,0.8884,
5.2734,1.8779,0.0000,0.0000,0.0000,-0.4629,0.8864,
5.2773,1.8723,0.0000,0.0000,0.0000,-0.4629,0.8864,
5.2812,1.8667,0.0000,0.0000,0.0000,-0.4591,0.8884,
5.2851,1.8612,0.0000,0.0000,0.0000,-0.4629,0.8864,
5.2890,1.8556,0.0000,0.0000,0.0000,-0.4591,0.8884,
5.2929,1.8501,0.0000,0.0000,0.0000,-0.4629,0.8864,
5.2968,1.8445,0.0000,0.0000,0.0000,-0.4610,0.8874,
5.3046,1.8334,0.0000,0.0000,0.0000,-0.6329,0.7742,
5.3060,1.8265,0.0000,0.0000,0.0000,-0.6275,0.7786,
5.3075,1.8196,0.0000,0.0000,0.0000,-0.6275,0.7786,
5.3090,1.8127,0.0000,0.0000,0.0000,-0.6329,0.7742,
5.3104,1.8058,0.0000,0.0000,0.0000,-0.6275,0.7786,
5.3119,1.7989,0.0000,0.0000,0.0000,-0.6329,0.7742,
5.3133,1.7920,0.0000,0.0000,0.0000,-0.6275,0.7786,
5.3148,1.7851,0.0000,0.0000,0.0000,-0.6329,0.7742,
5.3162,1.7782,0.0000,0.0000,0.0000,-0.6275,0.7786,
5.3177,1.7713,0.0000,0.0000,0.0000,-0.6329,0.7742,
5.3191,1.7644,0.0000,0.0000,0.0000,-0.6275,0.7786,
5.3206,1.7575,0.0000,0.0000,0.0000,-0.6329,0.7742,
5.3220,1.7506,0.0000,0.0000,0.0000,-0.6275,0.7786,
5.3235,1.7437,0.0000,0.0000,0.0000,-0.6302,0.7764,
5.3264,1.7299,0.0000,0.0000,0.0000,-0.6803,0.7329,
5.3269,1.7232,0.0000,0.0000,0.0000,-0.6803,0.7329,
5.3274,1.7165,0.0000,0.0000,0.0000,-0.6803,0.7329,
5.3279,1.7098,0.0000,0.0000,0.0000,-0.6803,0.7329,
5.3284,1.7031,0.0000,0.0000,0.0000,-0.6803,0.7329,
5.3289,1.6964,0.0000,0.0000,0.0000,-0.6807,0.7326,
5.3294,1.6896,0.0000,0.0000,0.0000,-0.6748,0.7380,
5.3300,1.6829,0.0000,0.0000,0.0000,-0.6803,0.7329,
5.3305,1.6762,0.0000,0.0000,0.0000,-0.6803,0.7329,
5.3310,1.6695,0.0000,0.0000,0.0000,-0.6803,0.7329,
5.3315,1.6628,0.0000,0.0000,0.0000,-0.6807,0.7326,
5.3320,1.6560,0.0000,0.0000,0.0000,-0.6803,0.7329,
5.3325,1.6493,0.0000,0.0000,0.0000,-0.6803,0.7329,
5.3330,1.6426,0.0000,0.0000,0.0000,-0.6803,0.7329,
5.3335,1.6359,0.0000,0.0000,0.0000,-0.6803,0.7329,
5.3340,1.6292,0.0000,0.0000,0.0000,-0.6807,0.7326,
5.3345,1.6224,0.0000,0.0000,0.0000,-0.6803,0.7329,
5.3350,1.6157,0.0000,0.0000,0.0000,-0.6803,0.7329,
5.3355,1.6090,0.0000,0.0000,0.0000,-0.6748,0.7380,
5.3361,1.6023,0.0000,0.0000,0.0000,-0.6803,0.7329,
5.3366,1.5956,0.0000,0.0000,0.0000,-0.6807,0.7326,
5.3371,1.5888,0.0000,0.0000,0.0000,-0.6803,0.7329,
5.3376,1.5821,0.0000,0.0000,0.0000,-0.6803,0.7329,
5.3381,1.5754,0.0000,0.0000,0.0000,-0.6803,0.7329,
