5.3392,1.5716,0.0000,0.0000,0.0000,-0.7071,0.7071,
5.3392,1.5649,0.0000,0.0000,0.0000,-0.7018,0.7124,
5.3393,1.5582,0.0000,0.0000,0.0000,-0.7071,0.7071,
5.3393,1.5515,0.0000,0.0000,0.0000,-0.7071,0.7071,
5.3393,1.5448,0.0000,0.0000,0.0000,-0.7071,0.7071,
5.3393,1.5381,0.0000,0.0000,0.0000,-0.7071,0.7071,
5.3393,1.5314,0.0000,0.0000,0.0000,-0.7019,0.7123,
5.3394,1.5246,0.0000,0.0000,0.0000,-0.7071,0.7071,
5.3394,1.5179,0.0000,0.0000,0.0000,-0.7071,0.7071,
5.3394,1.5112,0.0000,0.0000,0.0000,-0.7071,0.7071,
5.3394,1.5045,0.0000,0.0000,0.0000,-0.7071,0.7071,
5.3394,1.4978,0.0000,0.0000,0.0000,-0.7018,0.7124,
5.3395,1.4911,0.0000,0.0000,0.0000,-0.7071,0.7071,
5.3395,1.4844,0.0000,0.0000,0.0000,-0.7071,0.7071,
5.3395,1.4777,0.0000,0.0000,0.0000,-0.7071,0.7071,
5.3395,1.4710,0.0000,0.0000,0.0000,-0.7071,0.7071,
5.3395,1.4643,0.0000,0.0000,0.0000,-0.7018,0.7124,
5.3396,1.4576,0.0000,0.0000,0.0000,-0.7071,0.7071,
5.3396,1.4509,0.0000,0.0000,0.0000,-0.7071,0.7071,
5.3396,1.4441,0.0000,0.0000,0.0000,-0.7071,0.7071,
5.3396,1.4374,0.0000,0.0000,0.0000,-0.7071,0.7071,
5.3396,1.4307,0.0000,0.0000,0.0000,-0.7018,0.7124,
5.3397,1.4240,0.0000,0.0000,0.0000,-0.7071,0.7071,
5.3397,1.4173,0.0000,0.0000,0.0000,-0.7071,0.7071,
5.3397,1.4106,0.0000,0.0000,0.0000,-0.7071,0.7071,
5.3397,1.4039,0.0000,0.0000,0.0000,-0.7071,0.7071,
5.3397,1.3972,0.0000,0.0000,0.0000,-0.7018,0.7124,
5.3398,1.3905,0.0000,0.0000,0.0000,-0.7071,0.7071,
5.3398,1.3838,0.0000,0.0000,0.0000,-0.7071,0.7071,
5.3398,1.3771,0.0000,0.0000,0.0000,-0.7071,0.7071,
5.3398,1.3704,0.0000,0.0000,0.0000,-0.7071,0.7071,
5.3398,1.3637,0.0000,0.0000,0.0000,-0.7019,0.7123,
5.3399,1.3569,0.0000,0.0000,0.0000,-0.7071,0.7071,
5.3399,1.3502,0.0000,0.0000,0.0000,-0.7071,0.7071,
5.3399,1.3435,0.0000,0.0000,0.0000,-0.7071,0.7071,
5.3399,1.3368,0.0000,0.0000,0.0000,-0.7071,0.7071,
5.3399,1.3301,0.0000,0.0000,0.0000,-0.7018,0.7124,
5.3400,1.3234,0.0000,0.0000,0.0000,-0.7071,0.7071,
5.3400,1.3167,0.0000,0.0000,0.0000,-0.7071,0.7071,
5.3400,1.3100,0.0000,0.0000,0.0000,-0.7071,0.7071,
5.3400,1.3033,0.0000,0.0000,0.0000,-0.7071,0.7071,
5.3400,1.2966,0.0000,0.0000,0.0000,-0.7018,0.7124,
5.3401,1.2899,0.0000,0.0000,0.0000,-0.7071,0.7071,
5.3401,1.2832,0.0000,0.0000,0.0000,-0.7071,0.7071,
5.3401,1.2764,0.0000,0.0000,0.0000,-0.7071,0.7071,
5.3401,1.2697,0.0000,0.0000,0.0000,-0.7071,0.7071,
5.3401,1.2630,0.0000,0.0000,0.0000,-0.7018,0.7124,
5.3402,1.2563,0.0000,0.0000,0.0000,-0.7071,0.7071,
5.3402,1.2496,0.0000,0.0000,0.0000,-0.7071,0.7071,
5.3402,1.2429,0.0000,0.0000,0.0000,-0.7071,0.7071,
5.3402,1.2362,0.0000,0.0000,0.0000,-0.7071,0.7071,
5.3402,1.2295,0.0000,0.0000,0.0000,-0.7018,0.7124,
5.3403,1.2228,0.0000,0.0000,0.0000,-0.7071,0.7071,
5.3403,1.2161,0.0000,0.0000,0.0000,-0.7071,0.7071,
5.3403,1.2094,0.0000,0.0000,0.0000,-0.7071,0.7071,
5.3403,1.2027,0.0000,0.0000,0.0000,-0.7071,0.7071,
5.3403,1.1959,0.0000,0.0000,0.0000,-0.7018,0.7124,
5.3404,1.1892,0.0000,0.0000,0.0000,-0.7071,0.7071,
5.3404,1.1825,0.0000,0.0000,0.0000,-0.7071,0.7071,
5.3404,1.1758,0.0000,0.0000,0.0000,-0.7071,0.7071,
5.3404,1.1691,0.0000,0.0000,0.0000,-0.7071,0.7071,
5.3404,1.1624,0.0000,0.0000,0.0000,-0.7018,0.7124,
5.3405,1.1557,0.0000,0.0000,0.0000,-0.7071,0.7071,
5.3405,1.1490,0.0000,0.0000,0.0000,-0.7071,0.7071,
5.3405,1.1423,0.0000,0.0000,0.0000,-0.7071,0.7071,
5.3405,1.1356,0.0000,0.0000,0.0000,-0.7071,0.7071,
5.3405,1.1289,0.0000,0.0000,0.0000,-0.7018,0.7124,
5.3406,1.1222,0.0000,0.0000,0.0000,-0.7071,0.7071,
5.3406,1.1155,0.0000,0.0000,0.0000,-0.7071,0.7071,
5.3406,1.1087,0.0000,0.0000,0.0000,-0.7071,0.7071,
5.3406,1.1020,0.0000,0.0000,0.0000,-0.7071,0.7071,
5.3406,1.0953,0.0000,0.0000,0.0000,-0.7018,0.7124,
5.3407,1.0886,0.0000,0.0000,0.0000,-0.7071,0.7071,
5.3407,1.0819,0.0000,0.0000,0.0000,-0.7071,0.7071,
5.3407,1.0752,0.0000,0.0000,0.0000,-0.7071,0.7071,
5.3407,1.0685,0.0000,0.0000,0.0000,-0.7071,0.7071,
5.3407,1.0618,0.0000,0.0000,0.0000,-0.7018,0.7124,
5.3408,1.0551,0.0000,0.0000,0.0000,-0.7071,0.7071,
5.3408,1.0484,0.0000,0.0000,0.0000,-0.7071,0.7071,
5.3408,1.0417,0.0000,0.0000,0.0000,-0.7071,0.7071,
5.3408,1.0350,0.0000,0.0000,0.0000,-0.7071,0.7071,
5.3408,1.0282,0.0000,0.0000,0.0000,-0.7018,0.7124,
5.3409,1.0215,0.0000,0.0000,0.0000,-0.7071,0.7071,
5.3409,1.0081,0.0000,0.0000,0.0000,-0.7904,0.6126,
5.3392,1.0015,0.0000,0.0000,0.0000,-0.7947,0.6070,
5.3374,0.9949,0.0000,0.0000,0.0000,-0.7904,0.6126,
5.3357,0.9883,0.0000,0.0000,0.0000,-0.7947,0.6070,
5.3339,0.9817,0.0000,0.0000,0.0000,-0.7904,0.6126,
5.3322,0.9751,0.0000,0.0000,0.0000,-0.7947,0.6070,
5.3304,0.9685,0.0000,0.0000,0.0000,-0.7904,0.6126,
5.3287,0.9619,0.0000,0.0000,0.0000,-0.7904,0.6126,
5.3270,0.9553,0.0000,0.0000,0.0000,-0.7926,0.6098,
5.3235,0.9421,0.0000,0.0000,0.0000,-0.7768,0.6298,
5.3220,0.9350,0.0000,0.0000,0.0000,-0.7716,0.6361,
5.3206,0.9278,0.0000,0.0000,0.0000,-0.7768,0.6298,
5.3191,0.9207,0.0000,0.0000,0.0000,-0.7725,0.6350,
5.3177,0.9136,0.0000,0.0000,0.0000,-0.7759,0.6309,
5.3162,0.9064,0.0000,0.0000,0.0000,-0.7768,0.6298,
5.3147,0.8993,0.0000,0.0000,0.0000,-0.7725,0.6350,
5.3133,0.8922,0.0000,0.0000,0.0000,-0.7759,0.6309,
5.3118,0.8850,0.0000,0.0000,0.0000,-0.7742,0.6329,
5.3089,0.8707,0.0000,0.0000,0.0000,-0.9202,0.3915,
5.3038,0.8654,0.0000,0.0000,0.0000,-0.9202,0.3914,
5.2986,0.8600,0.0000,0.0000,0.0000,-0.9202,0.3914,
5.2934,0.8546,0.0000,0.0000,0.0000,-0.9183,0.3958,
5.2883,0.8492,0.0000,0.0000,0.0000,-0.9202,0.3914,
5.2831,0.8438,0.0000,0.0000,0.0000,-0.9202,0.3914,
5.2779,0.8384,0.0000,0.0000,0.0000,-0.9202,0.3915,
5.2676,0.8277,0.0000,0.0000,0.0000,-0.9487,0.3162,
5.2620,0.8235,0.0000,0.0000,0.0000,-0.9491,0.3148,
5.2565,0.8194,0.0000,0.0000,0.0000,-0.9473,0.3203,
5.2510,0.8152,0.0000,0.0000,0.0000,-0.9505,0.3108,
5.2454,0.8111,0.0000,0.0000,0.0000,-0.9491,0.3148,
5.2399,0.8070,0.0000,0.0000,0.0000,-0.9487,0.3162,
5.2343,0.8028,0.0000,0.0000,0.0000,-0.9491,0.3148,
5.2288,0.7987,0.0000,0.0000,0.0000,-0.9473,0.3203,
5.2233,0.7945,0.0000,0.0000,0.0000,-0.9505,0.3108,
5.2177,0.7904,0.0000,0.0000,0.0000,-0.9473,0.3203,
5.2122,0.7862,0.0000,0.0000,0.0000,-0.9489,0.3155,
5.2011,0.7779,0.0000,0.0000,0.0000,-0.9955,0.0943,
5.1943,0.7766,0.0000,0.0000,0.0000,-0.9955,0.0943,
5.1875,0.7753,0.0000,0.0000,0.0000,-0.9950,0.0999,
5.1806,0.7739,0.0000,0.0000,0.0000,-0.9955,0.0943,
5.1738,0.7726,0.0000,0.0000,0.0000,-0.9955,0.0943,
5.1670,0.7713,0.0000,0.0000,0.0000,-0.9950,0.0999,
5.1601,0.7699,0.0000,0.0000,0.0000,-0.9955,0.0943,
5.1533,0.7686,0.0000,0.0000,0.0000,-0.9955,0.0943,
5.1465,0.7673,0.0000,0.0000,0.0000,-0.9949,0.1013,
5.1397,0.7659,0.0000,0.0000,0.0000,-0.9957,0.0930,
5.1328,0.7646,0.0000,0.0000,0.0000,-0.9955,0.0943,
5.1260,0.7633,0.0000,0.0000,0.0000,-0.9955,0.0943,
5.1192,0.7620,0.0000,0.0000,0.0000,-0.9949,0.1013,
5.1124,0.7606,0.0000,0.0000,0.0000,-0.9957,0.0930,
5.1055,0.7593,0.0000,0.0000,0.0000,-0.9955,0.0943,
5.0987,0.7580,0.0000,0.0000,0.0000,-0.9952,0.0978,
5.0851,0.7553,0.0000,0.0000,0.0000,-0.9998,0.0220,
5.0783,0.7550,0.0000,0.0000,0.0000,-0.9999,0.0149,
5.0716,0.7548,0.0000,0.0000,0.0000,-0.9997,0.0224,
5.0649,0.7545,0.0000,0.0000,0.0000,-0.9999,0.0149,
5.0582,0.7543,0.0000,0.0000,0.0000,-0.9997,0.0224,
5.0515,0.7540,0.0000,0.0000,0.0000,-0.9999,0.0149,
5.0448,0.7538,0.0000,0.0000,0.0000,-0.9997,0.0224,
5.0381,0.7535,0.0000,0.0000,0.0000,-0.9999,0.0149,
5.0314,0.7533,0.0000,0.0000,0.0000,-0.9997,0.0224,
5.0247,0.7530,0.0000,0.0000,0.0000,-0.9999,0.0149,
5.0180,0.7528,0.0000,0.0000,0.0000,-0.9997,0.0224,
5.0113,0.7525,0.0000,0.0000,0.0000,-0.9999,0.0149,
5.0046,0.7523,0.0000,0.0000,0.0000,-0.9998,0.0220,
4.9978,0.7520,0.0000,0.0000,0.0000,-0.9997,0.0224,
4.9911,0.7517,0.0000,0.0000,0.0000,-0.9999,0.0149,
4.9844,0.7515,0.0000,0.0000,0.0000,-0.9997,0.0224,
4.9777,0.7512,0.0000,0.0000,0.0000,-0.9999,0.0149,
4.9710,0.7510,0.0000,0.0000,0.0000,-0.9997,0.0224,
4.9643,0.7507,0.0000,0.0000,0.0000,-0.9999,0.0149,
4.9576,0.7505,0.0000,0.0000,0.0000,-0.9997,0.0224,
4.9509,0.7502,0.0000,0.0000,0.0000,-0.9999,0.0149,
4.9442,0.7500,0.0000,0.0000,0.0000,-0.9997,0.0224,
4.9375,0.7497,0.0000,0.0000,0.0000,-0.9999,0.0149,
4.9308,0.7495,0.0000,0.0000,0.0000,-0.9997,0.0224,
4.9241,0.7492,0.0000,0.0000,0.0000,-0.9999,0.0149,
4.9174,0.7490,0.0000,0.0000,0.0000,-0.9998,0.0185,
4.9039,0.7485,0.0000,0.0000,0.0000,1.0000,0.0000,
4.8972,0.7485,0.0000,0.0000,0.0000,1.0000,0.0076,
4.8906,0.7486,0.0000,0.0000,0.0000,1.0000,0.0075,
4.8839,0.7487,0.0000,0.0000,0.0000,1.0000,0.0075,
4.8772,0.7488,0.0000,0.0000,0.0000,1.0000,0.0075,
4.8705,0.7489,0.0000,0.0000,0.0000,1.0000,0.0075,
4.8638,0.7490,0.0000,0.0000,0.0000,1.0000,0.0000,
4.8571,0.7490,0.0000,0.0000,0.0000,1.0000,0.0075,
4.8504,0.7491,0.0000,0.0000,0.0000,1.0000,0.0075,
4.8437,0.7492,0.0000,0.0000,0.0000,1.0000,0.0075,
4.8370,0.7493,0.0000,0.0000,0.0000,1.0000,0.0076,
4.8304,0.7494,0.0000,0.0000,0.0000,1.0000,0.0075,
4.8237,0.7495,0.0000,0.0000,0.0000,1.0000,0.0075,
4.8170,0.7496,0.0000,0.0000,0.0000,1.0000,0.0000,
4.8103,0.7496,0.0000,0.0000,0.0000,1.0000,0.0075,
4.8036,0.7497,0.0000,0.0000,0.0000,1.0000,0.0075,
4.7969,0.7498,0.0000,0.0000,0.0000,1.0000,0.0075,
4.7902,0.7499,0.0000,0.0000,0.0000,1.0000,0.0075,
4.7835,0.7500,0.0000,0.0000,0.0000,1.0000,0.0075,
4.7768,0.7501,0.0000,0.0000,0.0000,1.0000,0.0000,
4.7701,0.7501,0.0000,0.0000,0.0000,1.0000,0.0076,
4.7635,0.7502,0.0000,0.0000,0.0000,1.0000,0.0075,
4.7568,0.7503,0.0000,0.0000,0.0000,1.0000,0.0075,
4.7501,0.7504,0.0000,0.0000,0.0000,1.0000,0.0075,
4.7434,0.7505,0.0000,0.0000,0.0000,1.0000,0.0075,
4.7367,0.7506,0.0000,0.0000,0.0000,1.0000,0.0075,
4.7300,0.7507,0.0000,0.0000,0.0000,1.0000,0.0000,
4.7233,0.7507,0.0000,0.0000,0.0000,1.0000,0.0075,
4.7166,0.7508,0.0000,0.0000,0.0000,1.0000,0.0075,
4.7099,0.7509,0.0000,0.0000,0.0000,1.0000,0.0076,
4.7033,0.7510,0.0000,0.0000,0.0000,1.0000,0.0075,
4.6966,0.7511,0.0000,0.0000,0.0000,1.0000,0.0075,
4.6899,0.7512,0.0000,0.0000,0.0000,1.0000,0.0000,
4.6832,0.7512,0.0000,0.0000,0.0000,1.0000,0.0075,
4.6765,0.7513,0.0000,0.0000,0.0000,1.0000,0.0075,
4.6698,0.7514,0.0000,0.0000,0.0000,1.0000,0.0075,
4.6631,0.7515,0.0000,0.0000,0.0000,1.0000,0.0075,
4.6564,0.7516,0.0000,0.0000,0.0000,1.0000,0.0075,
4.6497,0.7517,0.0000,0.0000,0.0000,1.0000,0.0075,
4.6430,0.7518,0.0000,0.0000,0.0000,1.0000,0.0000,
4.6364,0.7518,0.0000,0.0000,0.0000,1.0000,0.0075,
4.6297,0.7519,0.0000,0.0000,0.0000,1.0000,0.0075,
4.6230,0.7520,0.0000,0.0000,0.0000,1.0000,0.0075,
4.6163,0.7521,0.0000,0.0000,0.0000,1.0000,0.0075,
4.6096,0.7522,0.0000,0.0000,0.0000,1.0000,0.0075,
4.6029,0.7523,0.0000,0.0000,0.0000,1.0000,0.0000,
4.5962,0.7523,0.0000,0.0000,0.0000,1.0000,0.0075,
4.5895,0.7524,0.0000,0.0000,0.0000,1.0000,0.0075,
4.5828,0.7525,0.0000,0.0000,0.0000,1.0000,0.0076,
4.5762,0.7526,0.0000,0.0000,0.0000,1.0000,0.0075,
4.5695,0.7527,0.0000,0.0000,0.0000,1.0000,0.0075,
4.5628,0.7528,0.0000,0.0000,0.0000,1.0000,0.0075,
4.5561,0.7529,0.0000,0.0000,0.0000,1.0000,0.0000,
4.5494,0.7529,0.0000,0.0000,0.0000,1.0000,0.0075,
4.5427,0.7530,0.0000,0.0000,0.0000,1.0000,0.0075,
4.5360,0.7531,0.0000,0.0000,0.0000,1.0000,0.0075,
4.5293,0.7532,0.0000,0.0000,0.0000,1.0000,0.0075,
4.5226,0.7533,0.0000,0.0000,0.0000,1.0000,0.0075,
4.5159,0.7534,0.0000,0.0000,0.0000,1.0000,0.0000,
4.5093,0.7534,0.0000,0.0000,0.0000,1.0000,0.0075,
4.5026,0.7535,0.0000,0.0000,0.0000,1.0000,0.0075,
4.4959,0.7536,0.0000,0.0000,0.0000,1.0000,0.0075,
4.4892,0.7537,0.0000,0.0000,0.0000,1.0000,0.0075,
4.4825,0.7538,0.0000,0.0000,0.0000,1.0000,0.0075,
4.4758,0.7539,0.0000,0.0000,0.0000,1.0000,0.0075,
4.4691,0.7540,0.0000,0.0000,0.0000,1.0000,0.0000,
4.4624,0.7540,0.0000,0.0000,0.0000,1.0000,0.0075,
4.4557,0.7541,0.0000,0.0000,0.0000,1.0000,0.0076,
4.4491,0.7542,0.0000,0.0000,0.0000,1.0000,0.0075,
4.4424,0.7543,0.0000,0.0000,0.0000,1.0000,0.0075,
4.4357,0.7544,0.0000,0.0000,0.0000,1.0000,0.0075,
4.4290,0.7545,0.0000,0.0000,0.0000,1.0000,0.0000,
4.4223,0.7545,0.0000,0.0000,0.0000,1.0000,0.0075,
4.4156,0.7546,0.0000,0.0000,0.0000,1.0000,0.0075,
4.4089,0.7547,0.0000,0.0000,0.0000,1.0000,0.0075,
4.4022,0.7548,0.0000,0.0000,0.0000,1.0000,0.0075,
4.3955,0.7549,0.0000,0.0000,0.0000,1.0000,0.0076,
4.3889,0.7550,0.0000,0.0000,0.0000,1.0000,0.0000,
4.3822,0.7550,0.0000,0.0000,0.0000,1.0000,0.0075,
4.3755,0.7551,0.0000,0.0000,0.0000,1.0000,0.0075,
4.3688,0.7552,0.0000,0.0000,0.0000,1.0000,0.0075,
4.3621,0.7553,0.0000,0.0000,0.0000,1.0000,0.0075,
4.3554,0.7554,0.0000,0.0000,0.0000,1.0000,0.0075,
4.3487,0.7555,0.0000,0.0000,0.0000,1.0000,0.0075,
4.3420,0.7556,0.0000,0.0000,0.0000,1.0000,0.0000,
4.3353,0.7556,0.0000,0.0000,0.0000,1.0000,0.0075,
4.3286,0.7557,0.0000,0.0000,0.0000,1.0000,0.0076,
4.3220,0.7558,0.0000,0.0000,0.0000,1.0000,0.0075,
4.3153,0.7559,0.0000,0.0000,0.0000,1.0000,0.0075,
4.3086,0.7560,0.0000,0.0000,0.0000,1.0000,0.0075,
4.3019,0.7561,0.0000,0.0000,0.0000,1.0000,0.0000,
4.2952,0.7561,0.0000,0.0000,0.0000,1.0000,0.0075,
4.2885,0.7562,0.0000,0.0000,0.0000,1.0000,0.0075,
4.2818,0.7563,0.0000,0.0000,0.0000,1.0000,0.0075,
4.2751,0.7564,0.0000,0.0000,0.0000,1.0000,0.0075,
4.2684,0.7565,0.0000,0.0000,0.0000,1.0000,0.0076,
4.2618,0.7566,0.0000,0.0000,0.0000,1.0000,0.0075,
4.2551,0.7567,0.0000,0.0000,0.0000,1.0000,0.0000,
4.2484,0.7567,0.0000,0.0000,0.0000,1.0000,0.0075,
4.2417,0.7568,0.0000,0.0000,0.0000,1.0000,0.0075,
4.2350,0.7569,0.0000,0.0000,0.0000,1.0000,0.0075,
4.2283,0.7570,0.0000,0.0000,0.0000,1.0000,0.0075,
4.2216,0.7571,0.0000,0.0000,0.0000,1.0000,0.0075,
4.2149,0.7572,0.0000,0.0000,0.0000,1.0000,0.0000,
4.2082,0.7572,0.0000,0.0000,0.0000,1.0000,0.0075,
4.2015,0.7573,0.0000,0.0000,0.0000,1.0000,0.0076,
4.1949,0.7574,0.0000,0.0000,0.0000,1.0000,0.0075,
4.1882,0.7575,0.0000,0.0000,0.0000,1.0000,0.0075,
4.1815,0.7576,0.0000,0.0000,0.0000,1.0000,0.0075,
4.1748,0.7577,0.0000,0.0000,0.0000,1.0000,0.0075,
4.1681,0.7578,0.0000,0.0000,0.0000,1.0000,0.0000,
4.1614,0.7578,0.0000,0.0000,0.0000,1.0000,0.0075,
4.1547,0.7579,0.0000,0.0000,0.0000,1.0000,0.0075,
4.1480,0.7580,0.0000,0.0000,0.0000,1.0000,0.0075,
4.1413,0.7581,0.0000,0.0000,0.0000,1.0000,0.0076,
4.1347,0.7582,0.0000,0.0000,0.0000,1.0000,0.0075,
4.1280,0.7583,0.0000,0.0000,0.0000,1.0000,0.0000,
4.1213,0.7583,0.0000,0.0000,0.0000,1.0000,0.0075,
4.1146,0.7584,0.0000,0.0000,0.0000,1.0000,0.0075,
4.1079,0.7585,0.0000,0.0000,0.0000,1.0000,0.0075,
4.1012,0.7586,0.0000,0.0000,0.0000,1.0000,0.0075,
4.0945,0.7587,0.0000,0.0000,0.0000,1.0000,0.0075,
4.0878,0.7588,0.0000,0.0000,0.0000,1.0000,0.0075,
4.0811,0.7589,0.0000,0.0000,0.0000,1.0000,0.0000,
4.0744,0.7589,0.0000,0.0000,0.0000,1.0000,0.0076,
4.0678,0.7590,0.0000,0.0000,0.0000,1.0000,0.0075,
4.0611,0.7591,0.0000,0.0000,0.0000,1.0000,0.0075,
4.0544,0.7592,0.0000,0.0000,0.0000,1.0000,0.0075,
4.0477,0.7593,0.0000,0.0000,0.0000,1.0000,0.0075,
4.0410,0.7594,0.0000,0.0000,0.0000,1.0000,0.0000,
4.0343,0.7594,0.0000,0.0000,0.0000,1.0000,0.0075,
4.0276,0.7595,0.0000,0.0000,0.0000,1.0000,0.0075,
4.0209,0.7596,0.0000,0.0000,0.0000,1.0000,0.0075,
4.0142,0.7597,0.0000,0.0000,0.0000,1.0000,0.0076,
4.0076,0.7598,0.0000,0.0000,0.0000,1.0000,0.0075,
4.0009,0.7599,0.0000,0.0000,0.0000,1.0000,0.0075,
3.9942,0.7600,0.0000,0.0000,0.0000,1.0000,0.0000,
3.9875,0.7600,0.0000,0.0000,0.0000,1.0000,0.0075,
3.9808,0.7601,0.0000,0.0000,0.0000,1.0000,0.0075,
3.9741,0.7602,0.0000,0.0000,0.0000,1.0000,0.0075,
3.9674,0.7603,0.0000,0.0000,0.0000,1.0000,0.0075,
3.9607,0.7604,0.0000,0.0000,0.0000,1.0000,0.0075,
3.9540,0.7605,0.0000,0.0000,0.0000,1.0000,0.0000,
3.9473,0.7605,0.0000,0.0000,0.0000,1.0000,0.0076,
3.9407,0.7606,0.0000,0.0000,0.0000,1.0000,0.0075,
3.9340,0.7607,0.0000,0.0000,0.0000,1.0000,0.0075,
3.9273,0.7608,0.0000,0.0000,0.0000,1.0000,0.0075,
3.9206,0.7609,0.0000,0.0000,0.0000,1.0000,0.0075,
3.9139,0.7610,0.0000,0.0000,0.0000,1.0000,0.0000,
3.9072,0.7610,0.0000,0.0000,0.0000,1.0000,0.0075,
3.9005,0.7611,0.0000,0.0000,0.0000,1.0000,0.0075,
3.8938,0.7612,0.0000,0.0000,0.0000,1.0000,0.0075,
3.8871,0.7613,0.0000,0.0000,0.0000,1.0000,0.0076,
3.8805,0.7614,0.0000,0.0000,0.0000,1.0000,0.0075,
3.8738,0.7615,0.0000,0.0000,0.0000,1.0000,0.0075,
3.8671,0.7616,0.0000,0.0000,0.0000,1.0000,0.0000,
3.8604,0.7616,0.0000,0.0000,0.0000,1.0000,0.0075,
3.8537,0.7617,0.0000,0.0000,0.0000,1.0000,0.0075,
3.8470,0.7618,0.0000,0.0000,0.0000,1.0000,0.0075,
3.8403,0.7619,0.0000,0.0000,0.0000,1.0000,0.0075,
3.8336,0.7620,0.0000,0.0000,0.0000,1.0000,0.0075,
3.8269,0.7621,0.0000,0.0000,0.0000,1.0000,0.0000,
3.8202,0.7621,0.0000,0.0000,0.0000,1.0000,0.0076,
3.8136,0.7622,0.0000,0.0000,0.0000,1.0000,0.0075,
3.8069,0.7623,0.0000,0.0000,0.0000,1.0000,0.0075,
3.8002,0.7624,0.0000,0.0000,0.0000,1.0000,0.0075,
3.7935,0.7625,0.0000,0.0000,0.0000,1.0000,0.0075,
3.7868,0.7626,0.0000,0.0000,0.0000,1.0000,0.0075,
3.7801,0.7627,0.0000,0.0000,0.0000,1.0000,0.0000,
3.7734,0.7627,0.0000,0.0000,0.0000,1.0000,0.0075,
